game_id,actionNumber,clock,period,teamId,teamTricode,personId,playerName,playerNameI,xLegacy,yLegacy,shotDistance,shotResult,isFieldGoal,scoreHome,scoreAway,pointsTotal,location,description,actionType,subType,videoAvailable,actionId
22201147,2,PT12M00.00S,1,0,,0,,,0,0,0,,0,0.0,0.0,0,,Start of 1st Period (10:11 PM EST),period,start,0,1
22201147,4,PT12M00.00S,1,1610612743,DEN,1628418,Bryant,T. Bryant,0,0,0,,0,,,0,h,Jump Ball Bryant vs. Valanciunas: Tip to Ingram,Jump Ball,,1,2
22201147,7,PT11M45.00S,1,1610612740,NOP,1627742,Ingram,B. Ingram,76,183,20,Missed,1,,,0,v,MISS Ingram 20' Pullup Jump Shot,Missed Shot,Pullup Jump shot,1,3
22201147,8,PT11M37.00S,1,1610612740,NOP,202685,Valanciunas,J. Valanciunas,0,0,0,,0,,,0,v,Valanciunas REBOUND (Off:1 Def:0),Rebound,Unknown,1,4
22201147,9,PT11M37.00S,1,1610612740,NOP,202685,Valanciunas,J. Valanciunas,0,0,0,Made,1,0.0,2.0,2,v,Valanciunas Tip Layup Shot (2 PTS),Made Shot,Tip Layup Shot,1,5
22201147,10,PT11M26.00S,1,1610612740,NOP,1627742,Ingram,B. Ingram,0,0,0,,0,,,0,v,Ingram S.FOUL (P1.T1) (L.Wood),Foul,Shooting,1,6
22201147,12,PT11M26.00S,1,1610612743,DEN,1627750,Murray,J. Murray,0,0,0,,0,1.0,2.0,3,h,Murray Free Throw 1 of 3 (1 PTS),Free Throw,Free Throw 1 of 3,1,7
22201147,13,PT11M26.00S,1,1610612743,DEN,1627750,Murray,J. Murray,0,0,0,,0,2.0,2.0,4,h,Murray Free Throw 2 of 3 (2 PTS),Free Throw,Free Throw 2 of 3,1,8
22201147,14,PT11M26.00S,1,1610612743,DEN,1627750,Murray,J. Murray,0,0,0,,0,3.0,2.0,5,h,Murray Free Throw 3 of 3 (3 PTS),Free Throw,Free Throw 3 of 3,1,9
22201147,15,PT11M16.00S,1,1610612740,NOP,1630530,Murphy III,T. Murphy III,29,15,3,Missed,1,,,0,v,MISS Murphy III 3' Driving Layup,Missed Shot,Driving Layup Shot,1,10
22201147,16,PT11M15.00S,1,0,,1610612740,,,0,0,0,,0,,,0,v,Pelicans Rebound,Rebound,Unknown,0,11
22201147,18,PT11M07.00S,1,1610612740,NOP,1627742,Ingram,B. Ingram,0,0,0,,0,,,0,v,Ingram Lost Ball Turnover (P1.T1),Turnover,Lost Ball,1,12
22201147,18,PT11M07.00S,1,1610612743,DEN,203484,Caldwell-Pope,K. Caldwell-Pope,0,0,0,,0,,,0,h,Caldwell-Pope STEAL (1 STL),,,1,13
22201147,20,PT11M01.00S,1,1610612743,DEN,203932,Gordon,A. Gordon,37,8,4,Missed,1,,,0,h,MISS Gordon 4' Running Layup,Missed Shot,Running Layup Shot,1,14
22201147,21,PT10M59.00S,1,1610612743,DEN,203932,Gordon,A. Gordon,0,0,0,,0,,,0,h,Gordon REBOUND (Off:2 Def:0),Rebound,Unknown,1,15
22201147,22,PT10M59.00S,1,1610612743,DEN,203932,Gordon,A. Gordon,0,0,0,Missed,1,,,0,h,MISS Gordon Tip Layup Shot,Missed Shot,Tip Layup Shot,1,16
22201147,23,PT10M58.00S,1,1610612743,DEN,203932,Gordon,A. Gordon,0,0,0,,0,,,0,h,Gordon REBOUND (Off:2 Def:0),Rebound,Unknown,1,17
22201147,24,PT10M56.00S,1,1610612743,DEN,1629008,Porter Jr.,M. Porter Jr.,66,262,27,Missed,1,,,0,h,MISS Porter Jr. 27' 3PT Jump Shot,Missed Shot,Jump Shot,1,18
22201147,25,PT10M53.00S,1,1610612740,NOP,202685,Valanciunas,J. Valanciunas,0,0,0,,0,,,0,v,Valanciunas REBOUND (Off:1 Def:1),Rebound,Unknown,1,19
22201147,26,PT10M42.00S,1,1610612740,NOP,203468,McCollum,C. McCollum,0,174,17,Missed,1,,,0,v,MISS McCollum 17' Pullup Jump Shot,Missed Shot,Pullup Jump shot,1,20
22201147,27,PT10M38.00S,1,1610612740,NOP,202685,Valanciunas,J. Valanciunas,0,0,0,,0,,,0,v,Valanciunas REBOUND (Off:2 Def:1),Rebound,Unknown,1,21
22201147,28,PT10M38.00S,1,1610612740,NOP,202685,Valanciunas,J. Valanciunas,0,0,0,Missed,1,,,0,v,MISS Valanciunas Tip Layup Shot,Missed Shot,Tip Layup Shot,1,22
22201147,29,PT10M37.00S,1,1610612740,NOP,202685,Valanciunas,J. Valanciunas,0,0,0,,0,,,0,v,Valanciunas REBOUND (Off:3 Def:1),Rebound,Unknown,1,23
22201147,57,PT10M37.00S,1,1610612740,NOP,202685,Valanciunas,J. Valanciunas,0,8,1,Missed,1,,,0,v,MISS Valanciunas 1' Tip Layup Shot,Missed Shot,Tip Layup Shot,1,24
22201147,58,PT10M37.00S,1,1610612743,DEN,203484,Caldwell-Pope,K. Caldwell-Pope,0,0,0,,0,,,0,h,Caldwell-Pope REBOUND (Off:0 Def:1),Rebound,Unknown,1,25
22201147,30,PT10M23.00S,1,1610612743,DEN,1629008,Porter Jr.,M. Porter Jr.,28,108,11,Missed,1,,,0,h,MISS Porter Jr. 11' Turnaround Fadeaway Shot,Missed Shot,Turnaround Fadeaway shot,1,26
22201147,31,PT10M20.00S,1,1610612740,NOP,202685,Valanciunas,J. Valanciunas,0,0,0,,0,,,0,v,Valanciunas REBOUND (Off:3 Def:2),Rebound,Unknown,1,27
22201147,32,PT10M11.00S,1,1610612740,NOP,202685,Valanciunas,J. Valanciunas,-137,230,27,Missed,1,,,0,v,MISS Valanciunas 27' 3PT Jump Shot,Missed Shot,Jump Shot,1,28
22201147,33,PT10M09.00S,1,1610612743,DEN,1627750,Murray,J. Murray,0,0,0,,0,,,0,h,Murray REBOUND (Off:0 Def:1),Rebound,Unknown,1,29
22201147,34,PT10M03.00S,1,1610612743,DEN,1629008,Porter Jr.,M. Porter Jr.,60,243,25,Missed,1,,,0,h,MISS Porter Jr. 25' 3PT Jump Shot,Missed Shot,Jump Shot,1,30
22201147,35,PT10M00.00S,1,1610612740,NOP,1627742,Ingram,B. Ingram,0,0,0,,0,,,0,v,Ingram REBOUND (Off:0 Def:1),Rebound,Unknown,1,31
22201147,36,PT09M52.00S,1,1610612740,NOP,1627742,Ingram,B. Ingram,26,10,3,Made,1,3.0,4.0,7,v,Ingram 3' Driving Layup (2 PTS),Made Shot,Driving Layup Shot,1,32
22201147,37,PT09M33.00S,1,1610612743,DEN,1628418,Bryant,T. Bryant,-78,243,26,Missed,1,,,0,h,MISS Bryant 26' 3PT Jump Shot,Missed Shot,Jump Shot,1,33
22201147,38,PT09M31.00S,1,1610612740,NOP,1627742,Ingram,B. Ingram,0,0,0,,0,,,0,v,Ingram REBOUND (Off:0 Def:2),Rebound,Unknown,1,34
22201147,39,PT09M25.00S,1,1610612740,NOP,1627742,Ingram,B. Ingram,58,80,10,Made,1,3.0,6.0,9,v,Ingram 10' Driving Floating Jump Shot (4 PTS),Made Shot,Driving Floating Jump Shot,1,35
22201147,40,PT09M25.00S,1,1610612743,DEN,1627750,Murray,J. Murray,0,0,0,,0,,,0,h,Murray S.FOUL (P1.T1) (M.Ervin),Foul,Shooting,1,36
22201147,42,PT09M25.00S,1,1610612740,NOP,1627742,Ingram,B. Ingram,0,0,0,,0,,,0,v,MISS Ingram Free Throw 1 of 1,Free Throw,Free Throw 1 of 1,1,37
22201147,43,PT09M23.00S,1,1610612743,DEN,1629008,Porter Jr.,M. Porter Jr.,0,0,0,,0,,,0,h,Porter Jr. REBOUND (Off:0 Def:1),Rebound,Unknown,1,38
22201147,44,PT09M11.00S,1,1610612743,DEN,203932,Gordon,A. Gordon,4,109,11,Missed,1,,,0,h,MISS Gordon 11' Fadeaway Bank Shot,Missed Shot,Fadeaway Bank shot,1,39
22201147,45,PT09M08.00S,1,1610612740,NOP,1630529,Jones,H. Jones,0,0,0,,0,,,0,v,Jones REBOUND (Off:0 Def:1),Rebound,Unknown,1,40
22201147,46,PT09M06.00S,1,1610612740,NOP,1630530,Murphy III,T. Murphy III,-4,2,0,Made,1,3.0,8.0,11,v,Murphy III Running Dunk (2 PTS) (Jones 1 AST),Made Shot,Running Dunk Shot,1,41
22201147,48,PT08M50.00S,1,1610612743,DEN,1627750,Murray,J. Murray,-118,159,20,Missed,1,,,0,h,MISS Murray 20' Step Back Jump Shot,Missed Shot,Step Back Jump shot,1,42
22201147,49,PT08M47.00S,1,1610612740,NOP,1627742,Ingram,B. Ingram,0,0,0,,0,,,0,v,Ingram REBOUND (Off:0 Def:3),Rebound,Unknown,1,43
22201147,50,PT08M37.00S,1,1610612740,NOP,1627742,Ingram,B. Ingram,44,74,9,Made,1,3.0,10.0,13,v,Ingram 9' Driving Floating Jump Shot (6 PTS),Made Shot,Driving Floating Jump Shot,1,44
22201147,51,PT08M14.00S,1,1610612743,DEN,203484,Caldwell-Pope,K. Caldwell-Pope,64,63,9,Missed,1,,,0,h,MISS Caldwell-Pope 9' Fadeaway Bank Shot,Missed Shot,Fadeaway Bank shot,1,45
22201147,52,PT08M13.00S,1,1610612740,NOP,202685,Valanciunas,J. Valanciunas,0,0,0,,0,,,0,v,Valanciunas REBOUND (Off:3 Def:3),Rebound,Unknown,1,46
22201147,53,PT07M58.00S,1,1610612740,NOP,202685,Valanciunas,J. Valanciunas,32,20,4,Made,1,3.0,12.0,15,v,Valanciunas 4' Driving Layup (4 PTS) (McCollum 1 AST),Made Shot,Driving Layup Shot,1,47
22201147,54,PT07M58.00S,1,1610612743,DEN,1628418,Bryant,T. Bryant,0,0,0,,0,,,0,h,Bryant S.FOUL (P1.T2) (L.Wood),Foul,Shooting,1,48
22201147,56,PT07M58.00S,1,0,,1610612743,,,0,0,0,,0,,,0,h,NUGGETS Timeout: Regular (Full 1 Short 0),Timeout,Regular,0,49
22201147,60,PT07M58.00S,1,1610612740,NOP,202685,Valanciunas,J. Valanciunas,0,0,0,,0,3.0,13.0,16,v,Valanciunas Free Throw 1 of 1 (5 PTS),Free Throw,Free Throw 1 of 1,1,50
22201147,61,PT07M42.00S,1,1610612743,DEN,203932,Gordon,A. Gordon,-2,17,2,Made,1,5.0,13.0,18,h,Gordon 2' Driving Layup (2 PTS),Made Shot,Driving Layup Shot,1,51
22201147,62,PT07M23.00S,1,1610612740,NOP,1627742,Ingram,B. Ingram,67,148,16,Made,1,5.0,15.0,20,v,Ingram 16' Pullup Jump Shot (8 PTS) (Valanciunas 1 AST),Made Shot,Pullup Jump shot,1,52
22201147,64,PT07M01.00S,1,1610612743,DEN,1628418,Bryant,T. Bryant,48,30,6,Made,1,7.0,15.0,22,h,Bryant 6' Hook Shot (2 PTS) (Gordon 1 AST),Made Shot,Hook Shot,1,53
22201147,66,PT06M50.00S,1,1610612740,NOP,203468,McCollum,C. McCollum,-28,17,3,Made,1,7.0,17.0,24,v,McCollum 3' Driving Layup (2 PTS),Made Shot,Driving Layup Shot,1,54
22201147,67,PT06M37.00S,1,1610612743,DEN,203484,Caldwell-Pope,K. Caldwell-Pope,233,29,0,Missed,1,,,0,h,MISS Caldwell-Pope 3PT Jump Shot,Missed Shot,Jump Shot,1,55
22201147,68,PT06M35.00S,1,1610612740,NOP,202685,Valanciunas,J. Valanciunas,0,0,0,,0,,,0,v,Valanciunas REBOUND (Off:3 Def:4),Rebound,Unknown,1,56
22201147,69,PT06M25.00S,1,1610612740,NOP,203468,McCollum,C. McCollum,26,2,3,Missed,1,,,0,v,MISS McCollum 3' Driving Reverse Layup,Missed Shot,Driving Reverse Layup Shot,1,57
22201147,70,PT06M24.00S,1,1610612743,DEN,1627750,Murray,J. Murray,0,0,0,,0,,,0,h,Murray REBOUND (Off:0 Def:2),Rebound,Unknown,1,58
22201147,71,PT06M21.00S,1,1610612743,DEN,1629008,Porter Jr.,M. Porter Jr.,2,17,2,Made,1,9.0,17.0,26,h,Porter Jr. 2' Running Dunk (2 PTS) (Murray 1 AST),Made Shot,Running Dunk Shot,1,59
22201147,74,PT06M01.00S,1,1610612743,DEN,1628418,Bryant,T. Bryant,0,0,0,,0,,,0,h,Bryant P.FOUL (P2.T3) (L.Wood),Foul,Personal,1,60
22201147,76,PT06M01.00S,1,1610612743,DEN,1628418,Bryant,T. Bryant,0,0,0,,0,,,0,h,SUB: Nnaji FOR Bryant,Substitution,,0,61
22201147,78,PT05M54.00S,1,1610612740,NOP,1627742,Ingram,B. Ingram,55,50,7,Missed,1,,,0,v,MISS Ingram 7' Fadeaway Jumper,Missed Shot,Fadeaway Jump Shot,1,62
22201147,79,PT05M52.00S,1,1610612743,DEN,203932,Gordon,A. Gordon,0,0,0,,0,,,0,h,Gordon REBOUND (Off:2 Def:1),Rebound,Unknown,1,63
22201147,80,PT05M49.00S,1,1610612743,DEN,203484,Caldwell-Pope,K. Caldwell-Pope,1,8,1,Made,1,11.0,17.0,28,h,Caldwell-Pope 1' Running Dunk (2 PTS) (Murray 2 AST),Made Shot,Running Dunk Shot,1,64
22201147,82,PT05M28.00S,1,1610612740,NOP,202685,Valanciunas,J. Valanciunas,-45,68,8,Made,1,11.0,19.0,30,v,Valanciunas 8' Turnaround Hook Shot (7 PTS),Made Shot,Turnaround Hook Shot,1,65
22201147,83,PT05M05.00S,1,1610612743,DEN,1629008,Porter Jr.,M. Porter Jr.,-20,22,3,Missed,1,,,0,h,MISS Porter Jr. 3' Driving Layup,Missed Shot,Driving Layup Shot,1,66
22201147,84,PT05M03.00S,1,1610612743,DEN,1629008,Porter Jr.,M. Porter Jr.,0,0,0,,0,,,0,h,Porter Jr. REBOUND (Off:1 Def:1),Rebound,Unknown,1,67
22201147,85,PT05M03.00S,1,1610612743,DEN,1629008,Porter Jr.,M. Porter Jr.,54,8,5,Missed,1,,,0,h,MISS Porter Jr. 5' Putback Layup,Missed Shot,Putback Layup Shot,1,68
22201147,85,PT05M03.00S,1,1610612740,NOP,202685,Valanciunas,J. Valanciunas,0,0,0,,0,,,0,v,Valanciunas BLOCK (1 BLK),,,1,69
22201147,86,PT05M01.00S,1,1610612740,NOP,202685,Valanciunas,J. Valanciunas,0,0,0,,0,,,0,v,Valanciunas REBOUND (Off:3 Def:5),Rebound,Unknown,1,70
22201147,87,PT04M48.00S,1,1610612740,NOP,203468,McCollum,C. McCollum,0,0,0,,0,,,0,v,McCollum Bad Pass Turnover (P1.T2),Turnover,Bad Pass,1,71
22201147,87,PT04M48.00S,1,1610612743,DEN,203484,Caldwell-Pope,K. Caldwell-Pope,0,0,0,,0,,,0,h,Caldwell-Pope STEAL (2 STL),,,1,72
22201147,89,PT04M34.00S,1,1610612743,DEN,1629008,Porter Jr.,M. Porter Jr.,228,98,25,Missed,1,,,0,h,MISS Porter Jr. 25' 3PT Jump Shot,Missed Shot,Jump Shot,1,73
22201147,90,PT04M31.00S,1,1610612740,NOP,1627742,Ingram,B. Ingram,0,0,0,,0,,,0,v,Ingram REBOUND (Off:0 Def:4),Rebound,Unknown,1,74
22201147,91,PT04M22.00S,1,1610612740,NOP,202685,Valanciunas,J. Valanciunas,0,11,1,Made,1,11.0,21.0,32,v,Valanciunas 1' Cutting Dunk Shot (9 PTS) (Ingram 1 AST),Made Shot,Cutting Dunk Shot,1,75
22201147,93,PT04M18.00S,1,0,,1610612740,,,0,0,0,,0,,,0,v,Pelicans Violation: Delay of game Violation,Violation,Delay Of Game,0,76
22201147,94,PT03M57.00S,1,1610612743,DEN,1630192,Nnaji,Z. Nnaji,6,5,1,Made,1,13.0,21.0,34,h,Nnaji 1' Cutting Dunk Shot (2 PTS) (Gordon 2 AST),Made Shot,Cutting Dunk Shot,1,77
22201147,96,PT03M57.00S,1,0,,1610612740,,,0,0,0,,0,,,0,v,Pelicans Timeout: Regular (Reg.1 Short 0),Timeout,Regular,0,78
22201147,97,PT03M57.00S,1,1610612743,DEN,1629008,Porter Jr.,M. Porter Jr.,0,0,0,,0,,,0,h,SUB: Brown FOR Porter Jr.,Substitution,,0,79
22201147,98,PT03M57.00S,1,1610612743,DEN,203484,Caldwell-Pope,K. Caldwell-Pope,0,0,0,,0,,,0,h,SUB: Braun FOR Caldwell-Pope,Substitution,,0,80
22201147,99,PT03M57.00S,1,1610612743,DEN,203932,Gordon,A. Gordon,0,0,0,,0,,,0,h,SUB: Green FOR Gordon,Substitution,,0,81
22201147,100,PT03M57.00S,1,1610612740,NOP,203468,McCollum,C. McCollum,0,0,0,,0,,,0,v,SUB: Nance Jr. FOR McCollum,Substitution,,0,82
22201147,101,PT03M57.00S,1,1610612740,NOP,202685,Valanciunas,J. Valanciunas,0,0,0,,0,,,0,v,SUB: Richardson FOR Valanciunas,Substitution,,0,83
22201147,102,PT03M57.00S,1,1610612740,NOP,1630530,Murphy III,T. Murphy III,0,0,0,,0,,,0,v,SUB: Daniels FOR Murphy III,Substitution,,0,84
22201147,109,PT03M34.00S,1,1610612740,NOP,1627742,Ingram,B. Ingram,161,27,16,Missed,1,,,0,v,MISS Ingram 16' Fadeaway Jumper,Missed Shot,Fadeaway Jump Shot,1,85
22201147,110,PT03M30.00S,1,1610612743,DEN,1627750,Murray,J. Murray,0,0,0,,0,,,0,h,Murray REBOUND (Off:0 Def:3),Rebound,Unknown,1,86
22201147,111,PT03M12.00S,1,1610612743,DEN,1627750,Murray,J. Murray,-142,-8,14,Missed,1,,,0,h,MISS Murray 14' Turnaround Fadeaway Shot,Missed Shot,Turnaround Fadeaway shot,1,87
22201147,112,PT03M08.00S,1,1610612743,DEN,201145,Green,J. Green,0,0,0,,0,,,0,h,Green REBOUND (Off:1 Def:0),Rebound,Unknown,1,88
22201147,113,PT03M04.00S,1,1610612743,DEN,1628971,Brown,B. Brown,-20,24,3,Missed,1,,,0,h,MISS Brown 3' Driving Finger Roll Layup,Missed Shot,Driving Finger Roll Layup Shot,1,89
22201147,115,PT03M02.00S,1,1610612740,NOP,1626204,Nance Jr.,L. Nance Jr.,0,0,0,,0,,,0,v,Nance Jr. REBOUND (Off:0 Def:1),Rebound,Unknown,1,90
22201147,116,PT02M46.00S,1,1610612740,NOP,1626196,Richardson,J. Richardson,132,222,26,Missed,1,,,0,v,MISS Richardson 26' 3PT Jump Shot,Missed Shot,Jump Shot,1,91
22201147,117,PT02M44.00S,1,1610612743,DEN,1628971,Brown,B. Brown,0,0,0,,0,,,0,h,Brown REBOUND (Off:0 Def:1),Rebound,Unknown,1,92
22201147,118,PT02M36.00S,1,1610612743,DEN,1628971,Brown,B. Brown,-9,48,5,Made,1,15.0,21.0,36,h,Brown 5' Driving Floating Jump Shot (2 PTS),Made Shot,Driving Floating Jump Shot,1,93
22201147,119,PT02M15.00S,1,1610612740,NOP,1630700,Daniels,D. Daniels,28,73,8,Missed,1,,,0,v,MISS Daniels 8' Turnaround Hook Shot,Missed Shot,Turnaround Hook Shot,1,94
22201147,120,PT02M13.00S,1,1610612743,DEN,1630192,Nnaji,Z. Nnaji,0,0,0,,0,,,0,h,Nnaji REBOUND (Off:0 Def:1),Rebound,Unknown,1,95
22201147,121,PT01M58.00S,1,1610612743,DEN,201145,Green,J. Green,96,3,10,Missed,1,,,0,h,MISS Green 10' Turnaround Fadeaway Shot,Missed Shot,Turnaround Fadeaway shot,1,96
22201147,122,PT01M53.00S,1,1610612740,NOP,1626204,Nance Jr.,L. Nance Jr.,0,0,0,,0,,,0,v,Nance Jr. REBOUND (Off:0 Def:2),Rebound,Unknown,1,97
22201147,123,PT01M44.00S,1,1610612740,NOP,1630529,Jones,H. Jones,0,0,0,,0,,,0,v,Jones Step Out of Bounds Turnover (P1.T3),Turnover,Step Out of Bounds Turnover,1,98
22201147,124,PT01M44.00S,1,1610612743,DEN,1627750,Murray,J. Murray,0,0,0,,0,,,0,h,SUB: Caldwell-Pope FOR Murray,Substitution,,0,99
22201147,125,PT01M44.00S,1,1610612740,NOP,1630529,Jones,H. Jones,0,0,0,,0,,,0,v,SUB: Marshall FOR Jones,Substitution,,0,100
22201147,128,PT01M28.00S,1,1610612743,DEN,1628971,Brown,B. Brown,25,5,3,Made,1,17.0,21.0,38,h,Brown 3' Driving Layup (4 PTS) (Nnaji 1 AST),Made Shot,Driving Layup Shot,1,101
22201147,130,PT01M08.00S,1,1610612740,NOP,1627742,Ingram,B. Ingram,-98,159,19,Missed,1,,,0,v,MISS Ingram 19' Pullup Jump Shot,Missed Shot,Pullup Jump shot,1,102
22201147,131,PT01M06.00S,1,1610612743,DEN,1631128,Braun,C. Braun,0,0,0,,0,,,0,h,Braun REBOUND (Off:0 Def:1),Rebound,Unknown,1,103
22201147,132,PT00M57.30S,1,1610612743,DEN,1631128,Braun,C. Braun,-114,227,25,Missed,1,,,0,h,MISS Braun 25' 3PT Jump Shot,Missed Shot,Jump Shot,1,104
22201147,133,PT00M53.70S,1,1610612740,NOP,1630700,Daniels,D. Daniels,0,0,0,,0,,,0,v,Daniels REBOUND (Off:0 Def:1),Rebound,Unknown,1,105
22201147,134,PT00M45.90S,1,1610612743,DEN,1630192,Nnaji,Z. Nnaji,0,0,0,,0,,,0,h,Nnaji P.FOUL (P1.T4) (M.Ervin),Foul,Personal,1,106
22201147,136,PT00M45.90S,1,1610612740,NOP,1630700,Daniels,D. Daniels,0,0,0,,0,,,0,v,SUB: McCollum FOR Daniels,Substitution,,0,107
22201147,137,PT00M45.90S,1,1610612740,NOP,1627742,Ingram,B. Ingram,0,0,0,,0,,,0,v,SUB: Murphy III FOR Ingram,Substitution,,0,108
22201147,140,PT00M40.80S,1,1610612740,NOP,1630530,Murphy III,T. Murphy III,234,75,25,Missed,1,,,0,v,MISS Murphy III 25' 3PT Jump Shot,Missed Shot,Jump Shot,1,109
22201147,141,PT00M37.90S,1,1610612743,DEN,201145,Green,J. Green,0,0,0,,0,,,0,h,Green REBOUND (Off:1 Def:1),Rebound,Unknown,1,110
22201147,142,PT00M27.10S,1,1610612743,DEN,1630192,Nnaji,Z. Nnaji,0,0,0,,0,,,0,h,Nnaji Bad Pass Turnover (P1.T1),Turnover,Bad Pass,1,111
22201147,142,PT00M27.10S,1,1610612740,NOP,1630230,Marshall,N. Marshall,0,0,0,,0,,,0,v,Marshall STEAL (1 STL),,,1,112
22201147,144,PT00M23.40S,1,1610612740,NOP,1630230,Marshall,N. Marshall,28,1,3,Missed,1,,,0,v,MISS Marshall 3' Running Reverse Layup,Missed Shot,Running Reverse Layup Shot,1,113
22201147,145,PT00M21.50S,1,1610612743,DEN,201145,Green,J. Green,0,0,0,,0,,,0,h,Green REBOUND (Off:1 Def:2),Rebound,Unknown,1,114
22201147,146,PT00M03.60S,1,1610612740,NOP,1630230,Marshall,N. Marshall,0,0,0,,0,,,0,v,Marshall P.FOUL (P1.T2) (M.Lindsay),Foul,Personal,1,115
22201147,148,PT00M01.90S,1,1610612743,DEN,1630192,Nnaji,Z. Nnaji,58,250,26,Missed,1,,,0,h,MISS Nnaji 26' 3PT Jump Shot,Missed Shot,Jump Shot,1,116
22201147,149,PT00M00.20S,1,0,,1610612740,,,0,0,0,,0,,,0,v,Pelicans Rebound,Rebound,Unknown,1,117
22201147,151,PT00M00.00S,1,0,,0,,,0,0,0,,0,17.0,21.0,38,,End of 1st Period (10:35 PM EST),period,end,1,118
22201147,154,PT12M00.00S,2,0,,0,,,0,0,0,,0,17.0,21.0,38,,Start of 2nd Period (10:39 PM EST),period,start,0,119
22201147,155,PT11M40.00S,2,1610612743,DEN,201145,Green,J. Green,234,59,24,Missed,1,,,0,h,MISS Green 24' 3PT Jump Shot,Missed Shot,Jump Shot,1,120
22201147,156,PT11M37.00S,2,1610612740,NOP,1626196,Richardson,J. Richardson,0,0,0,,0,,,0,v,Richardson REBOUND (Off:0 Def:1),Rebound,Unknown,1,121
22201147,157,PT11M24.00S,2,1610612740,NOP,1630230,Marshall,N. Marshall,-17,18,2,Made,1,17.0,23.0,40,v,Marshall 2' Cutting Layup Shot (2 PTS) (Valanciunas 2 AST),Made Shot,Cutting Layup Shot,1,122
22201147,159,PT11M07.00S,2,1610612743,DEN,1631128,Braun,C. Braun,-49,11,5,Made,1,19.0,23.0,42,h,Braun 5' Driving Floating Jump Shot (2 PTS) (Brown 1 AST),Made Shot,Driving Floating Jump Shot,1,123
22201147,161,PT10M50.00S,2,1610612743,DEN,1630192,Nnaji,Z. Nnaji,0,0,0,,0,,,0,h,Nnaji S.FOUL (P2.T1) (L.Wood),Foul,Shooting,1,124
22201147,163,PT10M50.00S,2,1610612740,NOP,202685,Valanciunas,J. Valanciunas,0,0,0,,0,19.0,24.0,43,v,Valanciunas Free Throw 1 of 2 (10 PTS),Free Throw,Free Throw 1 of 2,1,125
22201147,164,PT10M50.00S,2,1610612740,NOP,202685,Valanciunas,J. Valanciunas,0,0,0,,0,19.0,25.0,44,v,Valanciunas Free Throw 2 of 2 (11 PTS),Free Throw,Free Throw 2 of 2,1,126
22201147,165,PT10M34.00S,2,1610612743,DEN,1628971,Brown,B. Brown,-34,8,3,Made,1,21.0,25.0,46,h,Brown 3' Driving Finger Roll Layup (6 PTS),Made Shot,Driving Finger Roll Layup Shot,1,127
22201147,166,PT10M16.00S,2,1610612740,NOP,1630530,Murphy III,T. Murphy III,-6,277,28,Made,1,21.0,28.0,49,v,Murphy III 28' 3PT Jump Shot (5 PTS) (Valanciunas 3 AST),Made Shot,Jump Shot,1,128
22201147,168,PT09M55.00S,2,1610612743,DEN,1628971,Brown,B. Brown,113,84,14,Missed,1,,,0,h,MISS Brown 14' Driving Floating Jump Shot,Missed Shot,Driving Floating Jump Shot,1,129
22201147,169,PT09M54.00S,2,1610612743,DEN,1628971,Brown,B. Brown,0,0,0,,0,,,0,h,Brown REBOUND (Off:1 Def:1),Rebound,Unknown,1,130
22201147,170,PT09M52.00S,2,1610612743,DEN,1628971,Brown,B. Brown,-20,10,2,Made,1,23.0,28.0,51,h,Brown 2' Putback Layup (8 PTS),Made Shot,Putback Layup Shot,1,131
22201147,171,PT09M25.00S,2,1610612740,NOP,1630230,Marshall,N. Marshall,-233,90,25,Missed,1,,,0,v,MISS Marshall 25' 3PT Jump Shot,Missed Shot,Jump Shot,1,132
22201147,172,PT09M25.00S,2,0,,1610612740,,,0,0,0,,0,,,0,v,Pelicans Rebound,Rebound,Unknown,0,133
22201147,173,PT09M25.00S,2,0,,1610612740,,,0,0,0,,0,,,0,v,Pelicans Turnover: Shot Clock (T#4),Turnover,Shot Clock Turnover,1,134
22201147,174,PT09M09.00S,2,1610612743,DEN,1628971,Brown,B. Brown,0,0,0,,0,,,0,h,Brown Lost Ball Turnover (P1.T2),Turnover,Lost Ball,1,135
22201147,174,PT09M09.00S,2,1610612740,NOP,1630230,Marshall,N. Marshall,0,0,0,,0,,,0,v,Marshall STEAL (2 STL),,,1,136
22201147,176,PT09M04.00S,2,1610612740,NOP,203468,McCollum,C. McCollum,-43,26,5,Missed,1,,,0,v,MISS McCollum 5' Running Reverse Layup,Missed Shot,Running Reverse Layup Shot,1,137
22201147,176,PT09M04.00S,2,1610612743,DEN,1628971,Brown,B. Brown,0,0,0,,0,,,0,h,Brown BLOCK (1 BLK),,,1,138
22201147,178,PT09M01.00S,2,1610612743,DEN,1630192,Nnaji,Z. Nnaji,0,0,0,,0,,,0,h,Nnaji REBOUND (Off:0 Def:2),Rebound,Unknown,1,139
22201147,179,PT08M58.00S,2,1610612740,NOP,202685,Valanciunas,J. Valanciunas,0,0,0,,0,,,0,v,Valanciunas S.FOUL (P1.T1) (M.Ervin),Foul,Shooting,1,140
22201147,181,PT08M58.00S,2,1610612743,DEN,1628971,Brown,B. Brown,0,0,0,,0,,,0,h,MISS Brown Free Throw 1 of 2,Free Throw,Free Throw 1 of 2,1,141
22201147,182,PT08M58.00S,2,0,,1610612743,,,0,0,0,,0,,,0,h,NUGGETS Rebound,Rebound,Normal Rebound,0,142
22201147,183,PT08M58.00S,2,1610612743,DEN,1628971,Brown,B. Brown,0,0,0,,0,24.0,28.0,52,h,Brown Free Throw 2 of 2 (9 PTS),Free Throw,Free Throw 2 of 2,1,143
22201147,184,PT08M49.00S,2,1610612740,NOP,1630530,Murphy III,T. Murphy III,118,252,28,Missed,1,,,0,v,MISS Murphy III 28' 3PT Jump Shot,Missed Shot,Jump Shot,1,144
22201147,185,PT08M47.00S,2,1610612743,DEN,1630192,Nnaji,Z. Nnaji,0,0,0,,0,,,0,h,Nnaji REBOUND (Off:0 Def:3),Rebound,Unknown,1,145
22201147,186,PT08M39.00S,2,1610612743,DEN,1628971,Brown,B. Brown,26,251,25,Missed,1,,,0,h,MISS Brown 25' 3PT Pullup Jump Shot,Missed Shot,Pullup Jump shot,1,146
22201147,187,PT08M37.00S,2,1610612740,NOP,202685,Valanciunas,J. Valanciunas,0,0,0,,0,,,0,v,Valanciunas REBOUND (Off:3 Def:6),Rebound,Unknown,1,147
22201147,188,PT08M24.00S,2,1610612743,DEN,203484,Caldwell-Pope,K. Caldwell-Pope,0,0,0,,0,,,0,h,Caldwell-Pope P.FOUL (P1.T2) (L.Wood),Foul,Personal,1,148
22201147,190,PT08M22.00S,2,1610612740,NOP,1630530,Murphy III,T. Murphy III,-135,273,30,Made,1,24.0,31.0,55,v,Murphy III 30' 3PT Jump Shot (8 PTS) (McCollum 2 AST),Made Shot,Jump Shot,1,149
22201147,192,PT08M00.00S,2,1610612743,DEN,1628971,Brown,B. Brown,-39,9,4,Missed,1,,,0,h,MISS Brown 4' Driving Layup,Missed Shot,Driving Layup Shot,1,150
22201147,193,PT07M58.00S,2,1610612740,NOP,1630230,Marshall,N. Marshall,0,0,0,,0,,,0,v,Marshall REBOUND (Off:0 Def:1),Rebound,Unknown,1,151
22201147,194,PT07M50.00S,2,1610612740,NOP,1626196,Richardson,J. Richardson,-196,204,28,Made,1,24.0,34.0,58,v,Richardson 28' 3PT Jump Shot (3 PTS) (Marshall 1 AST),Made Shot,Jump Shot,1,152
22201147,196,PT07M49.00S,2,0,,1610612743,,,0,0,0,,0,,,0,h,NUGGETS Timeout: Regular (Full 2 Short 0),Timeout,Regular,0,153
22201147,197,PT07M49.00S,2,1610612743,DEN,203484,Caldwell-Pope,K. Caldwell-Pope,0,0,0,,0,,,0,h,SUB: Murray FOR Caldwell-Pope,Substitution,,0,154
22201147,198,PT07M49.00S,2,1610612743,DEN,1630192,Nnaji,Z. Nnaji,0,0,0,,0,,,0,h,SUB: Gordon FOR Nnaji,Substitution,,0,155
22201147,201,PT07M30.00S,2,1610612743,DEN,201145,Green,J. Green,36,36,5,Made,1,26.0,34.0,60,h,Green 5' Driving Finger Roll Layup (2 PTS) (Brown 2 AST),Made Shot,Driving Finger Roll Layup Shot,1,156
22201147,203,PT07M04.00S,2,1610612740,NOP,1630230,Marshall,N. Marshall,-60,44,7,Missed,1,,,0,v,MISS Marshall 7' Fadeaway Jumper,Missed Shot,Fadeaway Jump Shot,1,157
22201147,204,PT07M03.00S,2,0,,1610612740,,,0,0,0,,0,,,0,v,Pelicans Rebound,Rebound,Unknown,1,158
22201147,205,PT07M03.00S,2,0,,1610612740,,,0,0,0,,0,,,0,v,Pelicans Turnover: Shot Clock (T#5),Turnover,Shot Clock Turnover,1,159
22201147,206,PT07M03.00S,2,1610612740,NOP,1626196,Richardson,J. Richardson,0,0,0,,0,,,0,v,SUB: Jones FOR Richardson,Substitution,,0,160
22201147,207,PT07M03.00S,2,1610612740,NOP,1630230,Marshall,N. Marshall,0,0,0,,0,,,0,v,SUB: Ingram FOR Marshall,Substitution,,0,161
22201147,208,PT07M03.00S,2,1610612740,NOP,202685,Valanciunas,J. Valanciunas,0,0,0,,0,,,0,v,SUB: Nance Jr. FOR Valanciunas,Substitution,,0,162
22201147,213,PT06M44.00S,2,1610612743,DEN,1631128,Braun,C. Braun,0,0,0,,0,,,0,h,SUB: Porter Jr. FOR Braun,Substitution,,0,163
22201147,215,PT06M42.00S,2,1610612743,DEN,1627750,Murray,J. Murray,233,8,0,Missed,1,,,0,h,MISS Murray 3PT Fadeaway Jumper,Missed Shot,Fadeaway Jump Shot,1,164
22201147,216,PT06M40.00S,2,1610612740,NOP,1627742,Ingram,B. Ingram,0,0,0,,0,,,0,v,Ingram REBOUND (Off:0 Def:5),Rebound,Unknown,1,165
22201147,217,PT06M25.00S,2,1610612740,NOP,1627742,Ingram,B. Ingram,-82,96,13,Missed,1,,,0,v,MISS Ingram 13' Driving Floating Jump Shot,Missed Shot,Driving Floating Jump Shot,1,166
22201147,218,PT06M22.00S,2,1610612743,DEN,203932,Gordon,A. Gordon,0,0,0,,0,,,0,h,Gordon REBOUND (Off:2 Def:2),Rebound,Unknown,1,167
22201147,219,PT06M13.00S,2,1610612743,DEN,1627750,Murray,J. Murray,-235,17,24,Made,1,29.0,34.0,63,h,Murray 24' 3PT Jump Shot (6 PTS) (Gordon 3 AST),Made Shot,Jump Shot,1,168
22201147,221,PT05M54.00S,2,1610612740,NOP,1630529,Jones,H. Jones,-168,204,26,Made,1,29.0,37.0,66,v,Jones 26' 3PT Jump Shot (3 PTS) (Ingram 2 AST),Made Shot,Jump Shot,1,169
22201147,223,PT05M33.00S,2,1610612743,DEN,1627750,Murray,J. Murray,-28,257,26,Made,1,32.0,37.0,69,h,Murray 26' 3PT Pullup Jump Shot (9 PTS) (Porter Jr. 1 AST),Made Shot,Pullup Jump shot,1,170
22201147,225,PT05M20.00S,2,1610612740,NOP,1626204,Nance Jr.,L. Nance Jr.,-49,113,12,Made,1,32.0,39.0,71,v,Nance Jr. 12' Floating Jump Shot (2 PTS) (McCollum 3 AST),Made Shot,Floating Jump shot,1,171
22201147,227,PT04M56.00S,2,1610612743,DEN,1628971,Brown,B. Brown,217,122,25,Missed,1,,,0,h,MISS Brown 25' 3PT Jump Shot,Missed Shot,Jump Shot,1,172
22201147,228,PT04M52.00S,2,1610612740,NOP,1627742,Ingram,B. Ingram,0,0,0,,0,,,0,v,Ingram REBOUND (Off:0 Def:6),Rebound,Unknown,1,173
22201147,229,PT04M43.00S,2,1610612740,NOP,1630529,Jones,H. Jones,-225,123,26,Made,1,32.0,42.0,74,v,Jones 26' 3PT Jump Shot (6 PTS) (Ingram 3 AST),Made Shot,Jump Shot,1,174
22201147,231,PT04M23.00S,2,1610612743,DEN,201145,Green,J. Green,-29,10,3,Missed,1,,,0,h,MISS Green 3' Reverse Layup,Missed Shot,Reverse Layup Shot,1,175
22201147,232,PT04M20.00S,2,1610612740,NOP,1627742,Ingram,B. Ingram,0,0,0,,0,,,0,v,Ingram REBOUND (Off:0 Def:7),Rebound,Unknown,1,176
22201147,233,PT04M17.00S,2,1610612740,NOP,1630530,Murphy III,T. Murphy III,227,41,0,Missed,1,,,0,v,MISS Murphy III 3PT Jump Shot,Missed Shot,Jump Shot,1,177
22201147,234,PT04M15.00S,2,1610612743,DEN,203932,Gordon,A. Gordon,0,0,0,,0,,,0,h,Gordon REBOUND (Off:2 Def:3),Rebound,Unknown,1,178
22201147,235,PT04M02.00S,2,1610612740,NOP,203468,McCollum,C. McCollum,0,0,0,,0,,,0,v,McCollum S.FOUL (P1.T2) (M.Lindsay),Foul,Shooting,1,179
22201147,237,PT04M02.00S,2,1610612743,DEN,1628971,Brown,B. Brown,0,0,0,,0,,,0,h,MISS Brown Free Throw 1 of 2,Free Throw,Free Throw 1 of 2,1,180
22201147,238,PT04M02.00S,2,0,,1610612743,,,0,0,0,,0,,,0,h,NUGGETS Rebound,Rebound,Normal Rebound,0,181
22201147,239,PT04M02.00S,2,0,,1610612740,,,0,0,0,,0,,,0,v,Pelicans Timeout: Regular (Reg.2 Short 0),Timeout,Regular,0,182
22201147,240,PT04M02.00S,2,1610612740,NOP,203468,McCollum,C. McCollum,0,0,0,,0,,,0,v,SUB: Daniels FOR McCollum,Substitution,,0,183
22201147,242,PT04M02.00S,2,1610612743,DEN,1628971,Brown,B. Brown,0,0,0,,0,33.0,42.0,75,h,Brown Free Throw 2 of 2 (10 PTS),Free Throw,Free Throw 2 of 2,0,184
22201147,243,PT03M54.00S,2,1610612740,NOP,1630529,Jones,H. Jones,-25,13,3,Missed,1,,,0,v,MISS Jones 3' Cutting Layup Shot,Missed Shot,Cutting Layup Shot,1,185
22201147,243,PT03M54.00S,2,1610612743,DEN,1629008,Porter Jr.,M. Porter Jr.,0,0,0,,0,,,0,h,Porter Jr. BLOCK (1 BLK),,,1,186
22201147,245,PT03M51.00S,2,1610612740,NOP,1630700,Daniels,D. Daniels,0,0,0,,0,,,0,v,Daniels REBOUND (Off:1 Def:1),Rebound,Unknown,1,187
22201147,247,PT03M48.00S,2,1610612743,DEN,1628971,Brown,B. Brown,0,0,0,,0,,,0,h,SUB: Caldwell-Pope FOR Brown,Substitution,,0,188
22201147,250,PT03M24.00S,2,1610612740,NOP,1626204,Nance Jr.,L. Nance Jr.,0,0,0,,0,,,0,v,Nance Jr. OFF.Foul (P1) (M.Lindsay),Foul,Offensive,1,189
22201147,255,PT03M24.00S,2,1610612740,NOP,1626204,Nance Jr.,L. Nance Jr.,0,0,0,,0,,,0,v,Nance Jr. Offensive Foul Turnover (P1.T6),Turnover,Offensive Foul Turnover,1,190
22201147,252,PT03M24.00S,2,0,,1610612743,,,0,0,0,,0,,,0,h,NUGGETS Timeout: Coach Challenge (Full 2 Short 0),Timeout,Coach Challenge,0,191
22201147,254,PT03M24.00S,2,0,,250,,,0,0,0,,0,33.0,42.0,75,,Instant Replay2nd Period (11:04 PM EST),Instant Replay,Coach Challenge Overturn Ruling,0,192
22201147,257,PT03M09.00S,2,1610612743,DEN,203932,Gordon,A. Gordon,28,11,3,Made,1,35.0,42.0,77,h,Gordon 3' Driving Layup (4 PTS),Made Shot,Driving Layup Shot,1,193
22201147,258,PT02M52.00S,2,1610612743,DEN,201145,Green,J. Green,0,0,0,,0,,,0,h,Green S.FOUL (P1.T3) (M.Lindsay),Foul,Shooting,1,194
22201147,260,PT02M52.00S,2,1610612740,NOP,1630530,Murphy III,T. Murphy III,0,0,0,,0,35.0,43.0,78,v,Murphy III Free Throw 1 of 2 (9 PTS),Free Throw,Free Throw 1 of 2,1,195
22201147,261,PT02M52.00S,2,1610612740,NOP,1630700,Daniels,D. Daniels,0,0,0,,0,,,0,v,SUB: McCollum FOR Daniels,Substitution,,0,196
22201147,263,PT02M52.00S,2,1610612740,NOP,1630530,Murphy III,T. Murphy III,0,0,0,,0,35.0,44.0,79,v,Murphy III Free Throw 2 of 2 (10 PTS),Free Throw,Free Throw 2 of 2,1,197
22201147,264,PT02M36.00S,2,1610612743,DEN,1627750,Murray,J. Murray,-53,248,25,Made,1,38.0,44.0,82,h,Murray 25' 3PT Jump Shot (12 PTS) (Gordon 4 AST),Made Shot,Jump Shot,1,198
22201147,266,PT02M18.00S,2,1610612740,NOP,1630530,Murphy III,T. Murphy III,-123,232,26,Missed,1,,,0,v,MISS Murphy III 26' 3PT Jump Shot,Missed Shot,Jump Shot,1,199
22201147,267,PT02M15.00S,2,1610612743,DEN,203484,Caldwell-Pope,K. Caldwell-Pope,0,0,0,,0,,,0,h,Caldwell-Pope REBOUND (Off:0 Def:2),Rebound,Unknown,1,200
22201147,268,PT02M02.00S,2,1610612743,DEN,203484,Caldwell-Pope,K. Caldwell-Pope,-233,3,0,Missed,1,,,0,h,MISS Caldwell-Pope 3PT Jump Shot,Missed Shot,Jump Shot,1,201
22201147,269,PT01M59.00S,2,1610612743,DEN,201145,Green,J. Green,0,0,0,,0,,,0,h,Green REBOUND (Off:2 Def:2),Rebound,Unknown,1,202
22201147,270,PT01M54.00S,2,1610612743,DEN,1627750,Murray,J. Murray,12,260,26,Missed,1,,,0,h,MISS Murray 26' 3PT Pullup Jump Shot,Missed Shot,Pullup Jump shot,1,203
22201147,271,PT01M51.00S,2,1610612743,DEN,203484,Caldwell-Pope,K. Caldwell-Pope,0,0,0,,0,,,0,h,Caldwell-Pope REBOUND (Off:1 Def:2),Rebound,Unknown,1,204
22201147,272,PT01M49.00S,2,1610612743,DEN,1629008,Porter Jr.,M. Porter Jr.,-100,234,25,Missed,1,,,0,h,MISS Porter Jr. 25' 3PT Jump Shot,Missed Shot,Jump Shot,1,205
22201147,273,PT01M46.00S,2,1610612740,NOP,1626204,Nance Jr.,L. Nance Jr.,0,0,0,,0,,,0,v,Nance Jr. REBOUND (Off:0 Def:3),Rebound,Unknown,1,206
22201147,274,PT01M40.00S,2,1610612740,NOP,1627742,Ingram,B. Ingram,26,11,3,Made,1,38.0,46.0,84,v,Ingram 3' Running Finger Roll Layup (10 PTS),Made Shot,Running Finger Roll Layup Shot,1,207
22201147,275,PT01M15.00S,2,1610612743,DEN,203932,Gordon,A. Gordon,2,27,3,Made,1,40.0,46.0,86,h,Gordon 3' Driving Layup (6 PTS),Made Shot,Driving Layup Shot,1,208
22201147,276,PT00M56.00S,2,1610612740,NOP,1627742,Ingram,B. Ingram,-13,11,2,Made,1,40.0,48.0,88,v,Ingram 2' Driving Dunk (12 PTS),Made Shot,Driving Dunk Shot,1,209
22201147,277,PT00M34.20S,2,1610612743,DEN,1629008,Porter Jr.,M. Porter Jr.,158,206,26,Missed,1,,,0,h,MISS Porter Jr. 26' 3PT Jump Shot,Missed Shot,Jump Shot,1,210
22201147,278,PT00M30.00S,2,1610612740,NOP,1626204,Nance Jr.,L. Nance Jr.,0,0,0,,0,,,0,v,Nance Jr. REBOUND (Off:0 Def:4),Rebound,Unknown,1,211
22201147,279,PT00M24.20S,2,1610612740,NOP,1627742,Ingram,B. Ingram,-109,236,26,Missed,1,,,0,v,MISS Ingram 26' 3PT Pullup Jump Shot,Missed Shot,Pullup Jump shot,1,212
22201147,280,PT00M17.90S,2,1610612740,NOP,1630529,Jones,H. Jones,0,0,0,,0,,,0,v,Jones REBOUND (Off:1 Def:1),Rebound,Unknown,1,213
22201147,281,PT00M04.80S,2,1610612740,NOP,1627742,Ingram,B. Ingram,105,101,15,Made,1,40.0,50.0,90,v,Ingram 15' Fadeaway Jumper (14 PTS),Made Shot,Fadeaway Jump Shot,1,214
22201147,283,PT00M00.20S,2,1610612743,DEN,1627750,Murray,J. Murray,72,373,38,Missed,1,,,0,h,MISS Murray 38' 3PT Pullup Jump Shot,Missed Shot,Pullup Jump shot,1,215
22201147,284,PT00M00.20S,2,0,,1610612743,,,0,0,0,,0,,,0,h,NUGGETS Rebound,Rebound,Unknown,1,216
22201147,285,PT00M00.00S,2,0,,0,,,0,0,0,,0,40.0,50.0,90,,End of 2nd Period (11:11 PM EST),period,end,1,217
22201147,290,PT12M00.00S,3,0,,0,,,0,0,0,,0,40.0,50.0,90,,Start of 3rd Period (11:28 PM EST),period,start,0,218
22201147,291,PT11M50.00S,3,1610612743,DEN,1628418,Bryant,T. Bryant,0,0,0,,0,,,0,h,Bryant OFF.Foul (P3) (M.Ervin),Foul,Offensive,1,219
22201147,293,PT11M50.00S,3,1610612743,DEN,1628418,Bryant,T. Bryant,0,0,0,,0,,,0,h,Bryant Offensive Foul Turnover (P1.T3),Turnover,Offensive Foul Turnover,1,220
22201147,294,PT11M35.00S,3,1610612740,NOP,1630530,Murphy III,T. Murphy III,-135,219,26,Missed,1,,,0,v,MISS Murphy III 26' 3PT Jump Shot,Missed Shot,Jump Shot,1,221
22201147,295,PT11M32.00S,3,0,,1610612743,,,0,0,0,,0,,,0,h,NUGGETS Rebound,Rebound,Unknown,1,222
22201147,296,PT11M32.00S,3,1610612740,NOP,1630529,Jones,H. Jones,0,0,0,,0,,,0,v,Jones L.B.FOUL (P1.T1) (M.Ervin),Foul,Loose Ball,1,223
22201147,298,PT11M17.00S,3,1610612740,NOP,202685,Valanciunas,J. Valanciunas,0,0,0,,0,,,0,v,Valanciunas S.FOUL (P2.T2) (L.Wood),Foul,Shooting,1,224
22201147,300,PT11M17.00S,3,1610612743,DEN,203932,Gordon,A. Gordon,0,0,0,,0,,,0,h,MISS Gordon Free Throw 1 of 2,Free Throw,Free Throw 1 of 2,1,225
22201147,301,PT11M17.00S,3,0,,1610612743,,,0,0,0,,0,,,0,h,NUGGETS Rebound,Rebound,Normal Rebound,0,226
22201147,302,PT11M17.00S,3,1610612743,DEN,203932,Gordon,A. Gordon,0,0,0,,0,41.0,50.0,91,h,Gordon Free Throw 2 of 2 (7 PTS),Free Throw,Free Throw 2 of 2,1,227
22201147,303,PT11M03.00S,3,1610612743,DEN,203484,Caldwell-Pope,K. Caldwell-Pope,0,0,0,,0,,,0,h,Caldwell-Pope P.FOUL (P2.T1) (M.Ervin),Foul,Personal,1,228
22201147,305,PT10M54.00S,3,1610612740,NOP,1630529,Jones,H. Jones,-29,20,4,Missed,1,,,0,v,MISS Jones 4' Driving Layup,Missed Shot,Driving Layup Shot,1,229
22201147,306,PT10M51.00S,3,1610612740,NOP,202685,Valanciunas,J. Valanciunas,0,0,0,,0,,,0,v,Valanciunas REBOUND (Off:4 Def:6),Rebound,Unknown,1,230
22201147,307,PT10M51.00S,3,1610612740,NOP,202685,Valanciunas,J. Valanciunas,0,0,0,Made,1,41.0,52.0,93,v,Valanciunas Tip Layup Shot (13 PTS),Made Shot,Tip Layup Shot,1,231
22201147,309,PT10M34.00S,3,1610612743,DEN,203932,Gordon,A. Gordon,0,0,0,,0,,,0,h,Gordon OFF.Foul (P1) (M.Ervin),Foul,Offensive,1,232
22201147,311,PT10M34.00S,3,1610612743,DEN,203932,Gordon,A. Gordon,0,0,0,,0,,,0,h,Gordon Offensive Foul Turnover (P1.T4),Turnover,Offensive Foul Turnover,1,233
22201147,312,PT10M15.00S,3,1610612740,NOP,1627742,Ingram,B. Ingram,2,22,2,Made,1,41.0,54.0,95,v,Ingram 2' Driving Finger Roll Layup (16 PTS) (Valanciunas 4 AST),Made Shot,Driving Finger Roll Layup Shot,1,234
22201147,314,PT09M54.00S,3,1610612740,NOP,203468,McCollum,C. McCollum,0,0,0,,0,,,0,v,McCollum S.FOUL (P2.T3) (M.Ervin),Foul,Shooting,1,235
22201147,316,PT09M54.00S,3,1610612743,DEN,203484,Caldwell-Pope,K. Caldwell-Pope,0,0,0,,0,42.0,54.0,96,h,Caldwell-Pope Free Throw 1 of 2 (3 PTS),Free Throw,Free Throw 1 of 2,1,236
22201147,317,PT09M54.00S,3,1610612743,DEN,203484,Caldwell-Pope,K. Caldwell-Pope,0,0,0,,0,,,0,h,MISS Caldwell-Pope Free Throw 2 of 2,Free Throw,Free Throw 2 of 2,1,237
22201147,318,PT09M51.00S,3,1610612740,NOP,1630530,Murphy III,T. Murphy III,0,0,0,,0,,,0,v,Murphy III REBOUND (Off:0 Def:1),Rebound,Unknown,1,238
22201147,319,PT09M37.00S,3,1610612740,NOP,202685,Valanciunas,J. Valanciunas,-13,51,5,Missed,1,,,0,v,MISS Valanciunas 5' Turnaround Hook Shot,Missed Shot,Turnaround Hook Shot,1,239
22201147,320,PT09M35.00S,3,1610612743,DEN,1628418,Bryant,T. Bryant,0,0,0,,0,,,0,h,Bryant REBOUND (Off:0 Def:1),Rebound,Unknown,1,240
22201147,321,PT09M23.00S,3,1610612743,DEN,1629008,Porter Jr.,M. Porter Jr.,-39,25,5,Made,1,44.0,54.0,98,h,Porter Jr. 5' Driving Floating Bank Jump Shot (4 PTS) (Murray 3 AST),Made Shot,Driving Floating Bank Jump Shot,1,241
22201147,323,PT09M11.00S,3,1610612740,NOP,203468,McCollum,C. McCollum,-91,258,27,Made,1,44.0,57.0,101,v,McCollum 27' 3PT Jump Shot (5 PTS) (Ingram 4 AST),Made Shot,Jump Shot,1,242
22201147,325,PT08M53.00S,3,1610612743,DEN,1629008,Porter Jr.,M. Porter Jr.,-230,5,0,Missed,1,,,0,h,MISS Porter Jr. 3PT Jump Shot,Missed Shot,Jump Shot,1,243
22201147,326,PT08M50.00S,3,1610612740,NOP,1627742,Ingram,B. Ingram,0,0,0,,0,,,0,v,Ingram REBOUND (Off:0 Def:8),Rebound,Unknown,1,244
22201147,327,PT08M47.00S,3,1610612740,NOP,1627742,Ingram,B. Ingram,47,142,15,Made,1,44.0,59.0,103,v,Ingram 15' Running Pull-Up Jump Shot (18 PTS),Made Shot,Running Pull-Up Jump Shot,1,245
22201147,328,PT08M46.00S,3,0,,1610612743,,,0,0,0,,0,,,0,h,NUGGETS Timeout: Regular (Full 3 Short 0),Timeout,Regular,0,246
22201147,329,PT08M37.00S,3,1610612740,NOP,1627742,Ingram,B. Ingram,0,0,0,,0,,,0,v,Ingram P.FOUL (P2.T4) (M.Lindsay),Foul,Personal,1,247
22201147,331,PT08M31.00S,3,1610612743,DEN,203484,Caldwell-Pope,K. Caldwell-Pope,-96,204,23,Missed,1,,,0,h,MISS Caldwell-Pope 23' Pullup Jump Shot,Missed Shot,Pullup Jump shot,1,248
22201147,332,PT08M28.00S,3,1610612743,DEN,1627750,Murray,J. Murray,0,0,0,,0,,,0,h,Murray REBOUND (Off:1 Def:3),Rebound,Unknown,1,249
22201147,333,PT08M23.00S,3,1610612743,DEN,1629008,Porter Jr.,M. Porter Jr.,25,5,3,Made,1,46.0,59.0,105,h,Porter Jr. 3' Driving Reverse Layup (6 PTS) (Murray 4 AST),Made Shot,Driving Reverse Layup Shot,1,250
22201147,335,PT08M23.00S,3,1610612740,NOP,202685,Valanciunas,J. Valanciunas,0,0,0,,0,,,0,v,Valanciunas S.FOUL (P3.PN) (L.Wood),Foul,Shooting,1,251
22201147,337,PT08M23.00S,3,1610612743,DEN,1629008,Porter Jr.,M. Porter Jr.,0,0,0,,0,,,0,h,MISS Porter Jr. Free Throw 1 of 1,Free Throw,Free Throw 1 of 1,1,252
22201147,338,PT08M21.00S,3,1610612740,NOP,202685,Valanciunas,J. Valanciunas,0,0,0,,0,,,0,v,Valanciunas REBOUND (Off:4 Def:7),Rebound,Unknown,1,253
22201147,339,PT08M01.00S,3,1610612740,NOP,203468,McCollum,C. McCollum,27,255,26,Made,1,46.0,62.0,108,v,McCollum 26' 3PT Jump Shot (8 PTS) (Murphy III 1 AST),Made Shot,Jump Shot,1,254
22201147,341,PT07M41.00S,3,1610612743,DEN,1627750,Murray,J. Murray,170,199,26,Made,1,49.0,62.0,111,h,Murray 26' 3PT Step Back Jump Shot (15 PTS) (Caldwell-Pope 1 AST),Made Shot,Step Back Jump shot,1,255
22201147,343,PT07M25.00S,3,1610612740,NOP,1630529,Jones,H. Jones,0,0,0,,0,,,0,v,Jones Out of Bounds - Bad Pass Turnover Turnover (P2.T7),Turnover,Out of Bounds - Bad Pass Turnover,1,256
22201147,344,PT07M04.00S,3,1610612743,DEN,1629008,Porter Jr.,M. Porter Jr.,22,17,3,Made,1,51.0,62.0,113,h,Porter Jr. 3' Reverse Layup (8 PTS),Made Shot,Reverse Layup Shot,1,257
22201147,345,PT06M48.00S,3,1610612740,NOP,1630529,Jones,H. Jones,-37,26,5,Missed,1,,,0,v,MISS Jones 5' Layup,Missed Shot,Layup Shot,1,258
22201147,345,PT06M48.00S,3,1610612743,DEN,1628418,Bryant,T. Bryant,0,0,0,,0,,,0,h,Bryant BLOCK (1 BLK),,,1,259
22201147,347,PT06M46.00S,3,1610612743,DEN,1628418,Bryant,T. Bryant,0,0,0,,0,,,0,h,Bryant REBOUND (Off:0 Def:2),Rebound,Unknown,1,260
22201147,348,PT06M44.00S,3,1610612743,DEN,1627750,Murray,J. Murray,-109,242,27,Missed,1,,,0,h,MISS Murray 27' 3PT Running Pull-Up Jump Shot,Missed Shot,Running Pull-Up Jump Shot,1,261
22201147,349,PT06M41.00S,3,1610612740,NOP,1627742,Ingram,B. Ingram,0,0,0,,0,,,0,v,Ingram REBOUND (Off:0 Def:9),Rebound,Unknown,1,262
22201147,350,PT06M37.00S,3,1610612740,NOP,1627742,Ingram,B. Ingram,22,171,17,Missed,1,,,0,v,MISS Ingram 17' Running Pull-Up Jump Shot,Missed Shot,Running Pull-Up Jump Shot,1,263
22201147,351,PT06M34.00S,3,1610612740,NOP,1630529,Jones,H. Jones,0,0,0,,0,,,0,v,Jones REBOUND (Off:2 Def:1),Rebound,Unknown,1,264
22201147,352,PT06M28.00S,3,1610612740,NOP,1627742,Ingram,B. Ingram,51,156,16,Made,1,51.0,64.0,115,v,Ingram 16' Pullup Jump Shot (20 PTS),Made Shot,Pullup Jump shot,1,265
22201147,353,PT06M06.00S,3,1610612743,DEN,1628418,Bryant,T. Bryant,-48,20,5,Missed,1,,,0,h,MISS Bryant 5' Turnaround Hook Shot,Missed Shot,Turnaround Hook Shot,1,266
22201147,354,PT06M04.00S,3,1610612740,NOP,1627742,Ingram,B. Ingram,0,0,0,,0,,,0,v,Ingram REBOUND (Off:0 Def:10),Rebound,Unknown,1,267
22201147,355,PT06M02.00S,3,1610612740,NOP,203468,McCollum,C. McCollum,-141,224,26,Made,1,51.0,67.0,118,v,McCollum 26' 3PT Running Pull-Up Jump Shot (11 PTS) (Ingram 5 AST),Made Shot,Running Pull-Up Jump Shot,1,268
22201147,357,PT05M50.00S,3,1610612740,NOP,203468,McCollum,C. McCollum,0,0,0,,0,,,0,v,McCollum P.FOUL (P3.PN) (L.Wood),Foul,Personal,1,269
22201147,359,PT05M50.00S,3,1610612743,DEN,203484,Caldwell-Pope,K. Caldwell-Pope,0,0,0,,0,52.0,67.0,119,h,Caldwell-Pope Free Throw 1 of 2 (4 PTS),Free Throw,Free Throw 1 of 2,1,270
22201147,360,PT05M50.00S,3,1610612743,DEN,1628418,Bryant,T. Bryant,0,0,0,,0,,,0,h,SUB: Green FOR Bryant,Substitution,,0,271
22201147,361,PT05M50.00S,3,1610612740,NOP,202685,Valanciunas,J. Valanciunas,0,0,0,,0,,,0,v,SUB: Nance Jr. FOR Valanciunas,Substitution,,0,272
22201147,364,PT05M50.00S,3,1610612743,DEN,203484,Caldwell-Pope,K. Caldwell-Pope,0,0,0,,0,53.0,67.0,120,h,Caldwell-Pope Free Throw 2 of 2 (5 PTS),Free Throw,Free Throw 2 of 2,1,273
22201147,365,PT05M37.00S,3,1610612740,NOP,203468,McCollum,C. McCollum,83,239,25,Made,1,53.0,70.0,123,v,McCollum 25' 3PT Jump Shot (14 PTS) (Ingram 6 AST),Made Shot,Jump Shot,1,274
22201147,367,PT05M24.00S,3,1610612740,NOP,1630530,Murphy III,T. Murphy III,0,0,0,,0,,,0,v,Murphy III S.FOUL (P1.PN) (M.Ervin),Foul,Shooting,1,275
22201147,369,PT05M24.00S,3,1610612743,DEN,203932,Gordon,A. Gordon,0,0,0,,0,54.0,70.0,124,h,Gordon Free Throw 1 of 2 (8 PTS),Free Throw,Free Throw 1 of 2,1,276
22201147,370,PT05M24.00S,3,1610612743,DEN,203484,Caldwell-Pope,K. Caldwell-Pope,0,0,0,,0,,,0,h,SUB: Brown FOR Caldwell-Pope,Substitution,,0,277
22201147,371,PT05M24.00S,3,1610612740,NOP,1630530,Murphy III,T. Murphy III,0,0,0,,0,,,0,v,SUB: Richardson FOR Murphy III,Substitution,,0,278
22201147,374,PT05M24.00S,3,1610612743,DEN,203932,Gordon,A. Gordon,0,0,0,,0,55.0,70.0,125,h,Gordon Free Throw 2 of 2 (9 PTS),Free Throw,Free Throw 2 of 2,1,279
22201147,390,PT05M24.00S,3,0,,365,McKey,D. McKey,0,0,0,,0,54.0,70.0,124,,Instant Replay3rd Period (11:44 PM EST),Instant Replay                          ,Replay Center,0,280
22201147,375,PT05M14.00S,3,1610612740,NOP,203468,McCollum,C. McCollum,210,147,26,Missed,1,,,0,v,MISS McCollum 26' 3PT Jump Shot,Missed Shot,Jump Shot,1,281
22201147,376,PT05M10.00S,3,1610612743,DEN,201145,Green,J. Green,0,0,0,,0,,,0,h,Green REBOUND (Off:2 Def:3),Rebound,Unknown,1,282
22201147,377,PT04M54.00S,3,1610612743,DEN,1627750,Murray,J. Murray,58,164,17,Made,1,57.0,70.0,127,h,Murray 17' Fadeaway Jumper (17 PTS),Made Shot,Fadeaway Jump Shot,1,283
22201147,378,PT04M42.00S,3,1610612740,NOP,1626196,Richardson,J. Richardson,-70,53,9,Missed,1,,,0,v,MISS Richardson 9' Turnaround Jump Shot,Missed Shot,Turnaround Jump Shot,1,284
22201147,379,PT04M40.00S,3,1610612743,DEN,1628971,Brown,B. Brown,0,0,0,,0,,,0,h,Brown REBOUND (Off:1 Def:2),Rebound,Unknown,1,285
22201147,380,PT04M35.00S,3,1610612743,DEN,1629008,Porter Jr.,M. Porter Jr.,92,235,25,Missed,1,,,0,h,MISS Porter Jr. 25' 3PT Running Jump Shot,Missed Shot,Running Jump Shot,1,286
22201147,381,PT04M31.00S,3,1610612740,NOP,1627742,Ingram,B. Ingram,0,0,0,,0,,,0,v,Ingram REBOUND (Off:0 Def:11),Rebound,Unknown,1,287
22201147,382,PT04M25.00S,3,1610612740,NOP,1627742,Ingram,B. Ingram,-81,130,15,Made,1,57.0,72.0,129,v,Ingram 15' Pullup Jump Shot (22 PTS),Made Shot,Pullup Jump shot,1,288
22201147,383,PT04M25.00S,3,1610612743,DEN,203932,Gordon,A. Gordon,0,0,0,,0,,,0,h,Gordon S.FOUL (P2.T2) (M.Lindsay),Foul,Shooting,1,289
22201147,385,PT04M25.00S,3,1610612743,DEN,1629008,Porter Jr.,M. Porter Jr.,0,0,0,,0,,,0,h,SUB: Braun FOR Porter Jr.,Substitution,,0,290
22201147,386,PT04M25.00S,3,1610612740,NOP,203468,McCollum,C. McCollum,0,0,0,,0,,,0,v,SUB: Daniels FOR McCollum,Substitution,,0,291
22201147,389,PT04M25.00S,3,1610612740,NOP,1627742,Ingram,B. Ingram,0,0,0,,0,57.0,73.0,130,v,Ingram Free Throw 1 of 1 (23 PTS),Free Throw,Free Throw 1 of 1,1,292
22201147,391,PT04M01.00S,3,1610612743,DEN,1631128,Braun,C. Braun,230,49,24,Missed,1,,,0,h,MISS Braun 24' 3PT Step Back Jump Shot,Missed Shot,Step Back Jump shot,1,293
22201147,392,PT03M55.00S,3,1610612740,NOP,1630700,Daniels,D. Daniels,0,0,0,,0,,,0,v,Daniels REBOUND (Off:1 Def:2),Rebound,Unknown,1,294
22201147,393,PT03M50.00S,3,1610612743,DEN,203932,Gordon,A. Gordon,0,0,0,,0,,,0,h,Gordon S.FOUL (P3.T3) (L.Wood),Foul,Shooting,1,295
22201147,395,PT03M50.00S,3,1610612740,NOP,1627742,Ingram,B. Ingram,0,0,0,,0,57.0,74.0,131,v,Ingram Free Throw 1 of 2 (24 PTS),Free Throw,Free Throw 1 of 2,1,296
22201147,396,PT03M50.00S,3,1610612740,NOP,1627742,Ingram,B. Ingram,0,0,0,,0,57.0,75.0,132,v,Ingram Free Throw 2 of 2 (25 PTS),Free Throw,Free Throw 2 of 2,1,297
22201147,397,PT03M35.00S,3,1610612743,DEN,1631128,Braun,C. Braun,2,18,2,Made,1,59.0,75.0,134,h,Braun 2' Driving Dunk (4 PTS),Made Shot,Driving Dunk Shot,1,298
22201147,399,PT03M21.00S,3,1610612740,NOP,1627742,Ingram,B. Ingram,-55,172,18,Missed,1,,,0,v,MISS Ingram 18' Pullup Jump Shot,Missed Shot,Pullup Jump shot,1,299
22201147,400,PT03M20.00S,3,0,,1610612743,,,0,0,0,,0,,,0,h,NUGGETS Rebound,Rebound,Unknown,1,300
22201147,401,PT03M20.00S,3,1610612740,NOP,1627742,Ingram,B. Ingram,0,0,0,,0,,,0,v,Ingram L.B.FOUL (P3.PN) (M.Ervin),Foul,Loose Ball,1,301
22201147,403,PT03M20.00S,3,1610612743,DEN,1631128,Braun,C. Braun,0,0,0,,0,,,0,h,MISS Braun Free Throw 1 of 2,Free Throw,Free Throw 1 of 2,1,302
22201147,404,PT03M20.00S,3,0,,1610612743,,,0,0,0,,0,,,0,h,NUGGETS Rebound,Rebound,Normal Rebound,1,303
22201147,405,PT03M20.00S,3,1610612743,DEN,203932,Gordon,A. Gordon,0,0,0,,0,,,0,h,SUB: Nnaji FOR Gordon,Substitution,,0,304
22201147,407,PT03M20.00S,3,1610612743,DEN,1631128,Braun,C. Braun,0,0,0,,0,,,0,h,MISS Braun Free Throw 2 of 2,Free Throw,Free Throw 2 of 2,1,305
22201147,408,PT03M16.00S,3,1610612740,NOP,1626196,Richardson,J. Richardson,0,0,0,,0,,,0,v,Richardson REBOUND (Off:0 Def:2),Rebound,Unknown,1,306
22201147,409,PT03M06.00S,3,1610612740,NOP,1630700,Daniels,D. Daniels,55,240,25,Made,1,59.0,78.0,137,v,Daniels 25' 3PT Jump Shot (3 PTS) (Ingram 7 AST),Made Shot,Jump Shot,1,307
22201147,411,PT02M45.00S,3,1610612740,NOP,1626196,Richardson,J. Richardson,0,0,0,,0,,,0,v,Richardson P.FOUL (P1.PN) (M.Ervin),Foul,Personal,1,308
22201147,413,PT02M45.00S,3,0,,1610612740,,,0,0,0,,0,,,0,v,Pelicans Timeout: Regular (Reg.3 Short 0),Timeout,Regular,0,309
22201147,414,PT02M45.00S,3,1610612743,DEN,1627750,Murray,J. Murray,0,0,0,,0,60.0,78.0,138,h,Murray Free Throw 1 of 2 (18 PTS),Free Throw,Free Throw 1 of 2,1,310
22201147,415,PT02M45.00S,3,1610612743,DEN,1627750,Murray,J. Murray,0,0,0,,0,61.0,78.0,139,h,Murray Free Throw 2 of 2 (19 PTS),Free Throw,Free Throw 2 of 2,1,311
22201147,416,PT02M34.00S,3,1610612740,NOP,1630529,Jones,H. Jones,0,0,0,,0,,,0,v,Jones Out of Bounds Lost Ball Turnover (P3.T8),Turnover,Out of Bounds Lost Ball Turnover,1,312
22201147,417,PT02M18.00S,3,1610612743,DEN,1627750,Murray,J. Murray,-140,74,16,Made,1,63.0,78.0,141,h,Murray 16' Fadeaway Jumper (21 PTS) (Brown 3 AST),Made Shot,Fadeaway Jump Shot,1,313
22201147,419,PT01M51.00S,3,1610612740,NOP,1630529,Jones,H. Jones,4,64,6,Missed,1,,,0,v,MISS Jones 6' Driving Floating Jump Shot,Missed Shot,Driving Floating Jump Shot,1,314
22201147,420,PT01M48.00S,3,1610612743,DEN,201145,Green,J. Green,0,0,0,,0,,,0,h,Green REBOUND (Off:2 Def:4),Rebound,Unknown,1,315
22201147,421,PT01M40.00S,3,1610612740,NOP,1630700,Daniels,D. Daniels,0,0,0,,0,,,0,v,Daniels P.FOUL (P1.PN) (L.Wood),Foul,Personal,1,316
22201147,423,PT01M40.00S,3,1610612743,DEN,201145,Green,J. Green,0,0,0,,0,,,0,h,MISS Green Free Throw 1 of 2,Free Throw,Free Throw 1 of 2,1,317
22201147,424,PT01M40.00S,3,0,,1610612743,,,0,0,0,,0,,,0,h,NUGGETS Rebound,Rebound,Normal Rebound,0,318
22201147,425,PT01M40.00S,3,1610612743,DEN,1627750,Murray,J. Murray,0,0,0,,0,,,0,h,SUB: Caldwell-Pope FOR Murray,Substitution,,0,319
22201147,426,PT01M40.00S,3,1610612740,NOP,1630529,Jones,H. Jones,0,0,0,,0,,,0,v,SUB: Valanciunas FOR Jones,Substitution,,0,320
22201147,427,PT01M40.00S,3,1610612740,NOP,1626204,Nance Jr.,L. Nance Jr.,0,0,0,,0,,,0,v,SUB: Marshall FOR Nance Jr.,Substitution,,0,321
22201147,431,PT01M40.00S,3,1610612743,DEN,201145,Green,J. Green,0,0,0,,0,64.0,78.0,142,h,Green Free Throw 2 of 2 (3 PTS),Free Throw,Free Throw 2 of 2,1,322
22201147,432,PT01M26.00S,3,1610612743,DEN,201145,Green,J. Green,0,0,0,,0,,,0,h,Green S.FOUL (P2.T4) (L.Wood),Foul,Shooting,1,323
22201147,434,PT01M26.00S,3,1610612740,NOP,202685,Valanciunas,J. Valanciunas,0,0,0,,0,64.0,79.0,143,v,Valanciunas Free Throw 1 of 2 (14 PTS),Free Throw,Free Throw 1 of 2,1,324
22201147,435,PT01M26.00S,3,1610612740,NOP,202685,Valanciunas,J. Valanciunas,0,0,0,,0,64.0,80.0,144,v,Valanciunas Free Throw 2 of 2 (15 PTS),Free Throw,Free Throw 2 of 2,1,325
22201147,436,PT01M08.00S,3,1610612743,DEN,201145,Green,J. Green,15,25,3,Missed,1,,,0,h,MISS Green 3' Driving Layup,Missed Shot,Driving Layup Shot,1,326
22201147,437,PT01M08.00S,3,1610612743,DEN,1630192,Nnaji,Z. Nnaji,0,0,0,,0,,,0,h,Nnaji REBOUND (Off:1 Def:3),Rebound,Unknown,1,327
22201147,438,PT01M02.00S,3,1610612740,NOP,1630230,Marshall,N. Marshall,0,0,0,,0,,,0,v,Marshall P.FOUL (P2.PN) (M.Ervin),Foul,Personal,1,328
22201147,440,PT01M02.00S,3,1610612743,DEN,1628971,Brown,B. Brown,0,0,0,,0,65.0,80.0,145,h,Brown Free Throw 1 of 2 (11 PTS),Free Throw,Free Throw 1 of 2,1,329
22201147,441,PT01M02.00S,3,1610612743,DEN,1628971,Brown,B. Brown,0,0,0,,0,66.0,80.0,146,h,Brown Free Throw 2 of 2 (12 PTS),Free Throw,Free Throw 2 of 2,1,330
22201147,442,PT00M48.80S,3,1610612740,NOP,202685,Valanciunas,J. Valanciunas,43,17,5,Missed,1,,,0,v,MISS Valanciunas 5' Driving Reverse Layup,Missed Shot,Driving Reverse Layup Shot,1,331
22201147,442,PT00M48.80S,3,1610612743,DEN,1630192,Nnaji,Z. Nnaji,0,0,0,,0,,,0,h,Nnaji BLOCK (1 BLK),,,1,332
22201147,444,PT00M47.00S,3,1610612743,DEN,1630192,Nnaji,Z. Nnaji,0,0,0,,0,,,0,h,Nnaji REBOUND (Off:1 Def:4),Rebound,Unknown,1,333
22201147,445,PT00M38.00S,3,1610612743,DEN,1628971,Brown,B. Brown,-20,20,3,Made,1,68.0,80.0,148,h,Brown 3' Driving Finger Roll Layup (14 PTS),Made Shot,Driving Finger Roll Layup Shot,1,334
22201147,446,PT00M26.80S,3,1610612743,DEN,1628971,Brown,B. Brown,0,0,0,,0,,,0,h,Brown P.FOUL (P1.PN) (M.Lindsay),Foul,Personal,1,335
22201147,448,PT00M26.80S,3,1610612740,NOP,1630230,Marshall,N. Marshall,0,0,0,,0,68.0,81.0,149,v,Marshall Free Throw 1 of 2 (3 PTS),Free Throw,Free Throw 1 of 2,1,336
22201147,449,PT00M26.80S,3,1610612740,NOP,1627742,Ingram,B. Ingram,0,0,0,,0,,,0,v,SUB: Nance Jr. FOR Ingram,Substitution,,0,337
22201147,450,PT00M26.80S,3,1610612740,NOP,202685,Valanciunas,J. Valanciunas,0,0,0,,0,,,0,v,SUB: Jones FOR Valanciunas,Substitution,,0,338
22201147,453,PT00M26.80S,3,1610612740,NOP,1630230,Marshall,N. Marshall,0,0,0,,0,68.0,82.0,150,v,Marshall Free Throw 2 of 2 (4 PTS),Free Throw,Free Throw 2 of 2,1,339
22201147,454,PT00M07.40S,3,1610612743,DEN,1628971,Brown,B. Brown,27,13,3,Made,1,70.0,82.0,152,h,Brown 3' Driving Layup (16 PTS) (Caldwell-Pope 2 AST),Made Shot,Driving Layup Shot,1,340
22201147,456,PT00M03.60S,3,1610612740,NOP,1626196,Richardson,J. Richardson,0,0,0,,0,,,0,v,Richardson Out of Bounds Lost Ball Turnover (P1.T9),Turnover,Out of Bounds Lost Ball Turnover,1,341
22201147,457,PT00M00.10S,3,1610612743,DEN,203484,Caldwell-Pope,K. Caldwell-Pope,-153,367,40,Missed,1,,,0,h,MISS Caldwell-Pope 40' 3PT Running Jump Shot,Missed Shot,Running Jump Shot,1,342
22201147,458,PT00M00.10S,3,0,,1610612743,,,0,0,0,,0,,,0,h,NUGGETS Rebound,Rebound,Unknown,1,343
22201147,459,PT00M00.00S,3,0,,0,,,0,0,0,,0,70.0,82.0,152,,End of 3rd Period (12:01 AM EST),period,end,1,344
22201147,466,PT12M00.00S,4,0,,0,,,0,0,0,,0,70.0,82.0,152,,Start of 4th Period (12:05 AM EST),period,start,0,345
22201147,467,PT11M41.00S,4,1610612740,NOP,202685,Valanciunas,J. Valanciunas,0,0,0,,0,,,0,v,Valanciunas Bad Pass Turnover (P1.T10),Turnover,Bad Pass,1,346
22201147,467,PT11M41.00S,4,1610612743,DEN,203484,Caldwell-Pope,K. Caldwell-Pope,0,0,0,,0,,,0,h,Caldwell-Pope STEAL (3 STL),,,1,347
22201147,469,PT11M33.00S,4,1610612743,DEN,203484,Caldwell-Pope,K. Caldwell-Pope,78,247,26,Missed,1,,,0,h,MISS Caldwell-Pope 26' 3PT Step Back Jump Shot,Missed Shot,Step Back Jump shot,1,348
22201147,470,PT11M30.00S,4,1610612740,NOP,1626196,Richardson,J. Richardson,0,0,0,,0,,,0,v,Richardson REBOUND (Off:0 Def:3),Rebound,Unknown,1,349
22201147,471,PT11M26.00S,4,1610612740,NOP,1630230,Marshall,N. Marshall,23,15,3,Made,1,70.0,84.0,154,v,Marshall 3' Running Layup (6 PTS) (Murphy III 2 AST),Made Shot,Running Layup Shot,1,350
22201147,473,PT11M26.00S,4,1610612743,DEN,201145,Green,J. Green,0,0,0,,0,,,0,h,Green S.FOUL (P3.T1) (M.Lindsay),Foul,Shooting,1,351
22201147,475,PT11M26.00S,4,1610612740,NOP,1630230,Marshall,N. Marshall,0,0,0,,0,70.0,85.0,155,v,Marshall Free Throw 1 of 1 (7 PTS),Free Throw,Free Throw 1 of 1,1,352
22201147,476,PT11M09.00S,4,1610612740,NOP,202685,Valanciunas,J. Valanciunas,0,0,0,,0,,,0,v,Valanciunas S.FOUL (P4.T1) (L.Wood),Foul,Shooting,1,353
22201147,478,PT11M09.00S,4,1610612743,DEN,1631128,Braun,C. Braun,0,0,0,,0,71.0,85.0,156,h,Braun Free Throw 1 of 2 (5 PTS),Free Throw,Free Throw 1 of 2,0,354
22201147,479,PT11M09.00S,4,1610612743,DEN,1631128,Braun,C. Braun,0,0,0,,0,,,0,h,MISS Braun Free Throw 2 of 2,Free Throw,Free Throw 2 of 2,1,355
22201147,480,PT11M07.00S,4,1610612740,NOP,1630230,Marshall,N. Marshall,0,0,0,,0,,,0,v,Marshall REBOUND (Off:0 Def:2),Rebound,Unknown,0,356
22201147,481,PT10M59.00S,4,1610612740,NOP,203468,McCollum,C. McCollum,173,52,18,Missed,1,,,0,v,MISS McCollum 18' Step Back Jump Shot,Missed Shot,Step Back Jump shot,1,357
22201147,482,PT10M56.00S,4,1610612740,NOP,1630530,Murphy III,T. Murphy III,0,0,0,,0,,,0,v,Murphy III REBOUND (Off:1 Def:1),Rebound,Unknown,1,358
22201147,483,PT10M52.00S,4,1610612740,NOP,1626196,Richardson,J. Richardson,-34,264,27,Missed,1,,,0,v,MISS Richardson 27' 3PT Jump Shot,Missed Shot,Jump Shot,1,359
22201147,484,PT10M49.00S,4,1610612743,DEN,203484,Caldwell-Pope,K. Caldwell-Pope,0,0,0,,0,,,0,h,Caldwell-Pope REBOUND (Off:1 Def:3),Rebound,Unknown,1,360
22201147,485,PT10M34.00S,4,1610612743,DEN,1628971,Brown,B. Brown,44,80,9,Missed,1,,,0,h,MISS Brown 9' Pullup Jump Shot,Missed Shot,Pullup Jump shot,1,361
22201147,486,PT10M31.00S,4,1610612740,NOP,202685,Valanciunas,J. Valanciunas,0,0,0,,0,,,0,v,Valanciunas REBOUND (Off:4 Def:8),Rebound,Unknown,1,362
22201147,487,PT10M12.00S,4,1610612740,NOP,202685,Valanciunas,J. Valanciunas,66,78,10,Missed,1,,,0,v,MISS Valanciunas 10' Turnaround Fadeaway Shot,Missed Shot,Turnaround Fadeaway shot,1,363
22201147,488,PT10M10.00S,4,1610612743,DEN,1630192,Nnaji,Z. Nnaji,0,0,0,,0,,,0,h,Nnaji REBOUND (Off:1 Def:5),Rebound,Unknown,1,364
22201147,489,PT10M02.00S,4,1610612743,DEN,1631128,Braun,C. Braun,-38,8,4,Made,1,73.0,85.0,158,h,Braun 4' Cutting Layup Shot (7 PTS) (Brown 4 AST),Made Shot,Cutting Layup Shot,1,365
22201147,491,PT09M40.00S,4,1610612740,NOP,203468,McCollum,C. McCollum,42,58,7,Made,1,73.0,87.0,160,v,McCollum 7' Turnaround Hook Shot (16 PTS) (Murphy III 3 AST),Made Shot,Turnaround Hook Shot,1,366
22201147,493,PT09M19.00S,4,1610612743,DEN,1628971,Brown,B. Brown,42,25,5,Made,1,75.0,87.0,162,h,Brown 5' Driving Floating Bank Jump Shot (18 PTS) (Green 1 AST),Made Shot,Driving Floating Bank Jump Shot,1,367
22201147,495,PT09M08.00S,4,1610612743,DEN,1630192,Nnaji,Z. Nnaji,0,0,0,,0,,,0,h,Nnaji S.FOUL (P3.T2) (L.Wood),Foul,Shooting,1,368
22201147,497,PT09M08.00S,4,1610612740,NOP,203468,McCollum,C. McCollum,0,0,0,,0,,,0,v,MISS McCollum Free Throw 1 of 2,Free Throw,Free Throw 1 of 2,1,369
22201147,498,PT09M08.00S,4,0,,1610612740,,,0,0,0,,0,,,0,v,Pelicans Rebound,Rebound,Normal Rebound,0,370
22201147,499,PT09M08.00S,4,1610612743,DEN,203484,Caldwell-Pope,K. Caldwell-Pope,0,0,0,,0,,,0,h,SUB: Murray FOR Caldwell-Pope,Substitution,,0,371
22201147,501,PT09M08.00S,4,1610612740,NOP,203468,McCollum,C. McCollum,0,0,0,,0,75.0,88.0,163,v,McCollum Free Throw 2 of 2 (17 PTS),Free Throw,Free Throw 2 of 2,1,372
22201147,502,PT08M54.00S,4,1610612743,DEN,1627750,Murray,J. Murray,0,0,0,,0,,,0,h,Murray Bad Pass Turnover (P1.T5),Turnover,Bad Pass,1,373
22201147,502,PT08M54.00S,4,1610612740,NOP,1630530,Murphy III,T. Murphy III,0,0,0,,0,,,0,v,Murphy III STEAL (1 STL),,,1,374
22201147,504,PT08M47.00S,4,1610612740,NOP,1630530,Murphy III,T. Murphy III,-113,253,28,Missed,1,,,0,v,MISS Murphy III 28' 3PT Step Back Jump Shot,Missed Shot,Step Back Jump shot,1,375
22201147,505,PT08M44.00S,4,1610612743,DEN,1628971,Brown,B. Brown,0,0,0,,0,,,0,h,Brown REBOUND (Off:1 Def:3),Rebound,Unknown,1,376
22201147,506,PT08M39.00S,4,1610612743,DEN,1631128,Braun,C. Braun,7,26,3,Made,1,77.0,88.0,165,h,Braun 3' Running Dunk (9 PTS) (Murray 5 AST),Made Shot,Running Dunk Shot,1,377
22201147,508,PT08M39.00S,4,0,,1610612740,,,0,0,0,,0,,,0,v,Pelicans Timeout: Regular (Reg.4 Short 0),Timeout,Regular,0,378
22201147,509,PT08M39.00S,4,1610612743,DEN,1630192,Nnaji,Z. Nnaji,0,0,0,,0,,,0,h,SUB: Gordon FOR Nnaji,Substitution,,0,379
22201147,510,PT08M39.00S,4,1610612740,NOP,1626196,Richardson,J. Richardson,0,0,0,,0,,,0,v,SUB: Ingram FOR Richardson,Substitution,,0,380
22201147,513,PT08M37.00S,4,1610612740,NOP,1630230,Marshall,N. Marshall,0,0,0,,0,,,0,v,Marshall Bad Pass Turnover (P1.T11),Turnover,Bad Pass,1,381
22201147,513,PT08M37.00S,4,1610612743,DEN,1627750,Murray,J. Murray,0,0,0,,0,,,0,h,Murray STEAL (1 STL),,,1,382
22201147,515,PT08M34.00S,4,1610612743,DEN,1631128,Braun,C. Braun,-1,20,2,Made,1,79.0,88.0,167,h,Braun 2' Running Dunk (11 PTS) (Murray 6 AST),Made Shot,Running Dunk Shot,1,383
22201147,517,PT08M16.00S,4,1610612740,NOP,1630530,Murphy III,T. Murphy III,-100,242,26,Made,1,79.0,91.0,170,v,Murphy III 26' 3PT Jump Shot (13 PTS) (Ingram 8 AST),Made Shot,Jump Shot,1,384
22201147,519,PT07M50.00S,4,1610612743,DEN,203932,Gordon,A. Gordon,-2,12,1,Made,1,81.0,91.0,172,h,Gordon 1' Cutting Dunk Shot (11 PTS) (Murray 7 AST),Made Shot,Cutting Dunk Shot,1,385
22201147,521,PT07M31.00S,4,1610612743,DEN,1631128,Braun,C. Braun,0,0,0,,0,,,0,h,Braun P.FOUL (P1.T3) (L.Wood),Foul,Personal,1,386
22201147,523,PT07M31.00S,4,1610612740,NOP,1630230,Marshall,N. Marshall,0,0,0,,0,,,0,v,SUB: Jones FOR Marshall,Substitution,,0,387
22201147,524,PT07M31.00S,4,1610612740,NOP,202685,Valanciunas,J. Valanciunas,0,0,0,,0,,,0,v,SUB: Nance Jr. FOR Valanciunas,Substitution,,0,388
22201147,527,PT07M24.00S,4,1610612743,DEN,203932,Gordon,A. Gordon,0,0,0,,0,,,0,h,Gordon S.FOUL (P4.T4) (M.Lindsay),Foul,Shooting,1,389
22201147,529,PT07M24.00S,4,1610612740,NOP,1627742,Ingram,B. Ingram,0,0,0,,0,81.0,92.0,173,v,Ingram Free Throw 1 of 2 (26 PTS),Free Throw,Free Throw 1 of 2,1,390
22201147,530,PT07M24.00S,4,1610612740,NOP,1627742,Ingram,B. Ingram,0,0,0,,0,81.0,93.0,174,v,Ingram Free Throw 2 of 2 (27 PTS),Free Throw,Free Throw 2 of 2,1,391
22201147,531,PT07M13.00S,4,1610612740,NOP,1630529,Jones,H. Jones,0,0,0,,0,,,0,v,Jones P.FOUL (P2.T2) (M.Ervin),Foul,Personal,1,392
22201147,553,PT07M00.00S,4,1610612743,DEN,1631128,Braun,C. Braun,-39,11,4,Missed,1,,,0,h,MISS Braun 4' Layup,Missed Shot,Layup Shot,1,393
22201147,554,PT06M59.00S,4,0,,1610612743,,,0,0,0,,0,,,0,h,NUGGETS Rebound,Rebound,Unknown,0,394
22201147,536,PT06M59.00S,4,0,,1610612743,,,0,0,0,,0,,,0,h,NUGGETS Turnover: Shot Clock (T#6),Turnover,Shot Clock Turnover,1,395
22201147,537,PT06M47.00S,4,1610612740,NOP,203468,McCollum,C. McCollum,99,277,29,Missed,1,,,0,v,MISS McCollum 29' 3PT Jump Shot,Missed Shot,Jump Shot,1,396
22201147,538,PT06M44.00S,4,1610612743,DEN,203932,Gordon,A. Gordon,0,0,0,,0,,,0,h,Gordon REBOUND (Off:2 Def:4),Rebound,Unknown,1,397
22201147,539,PT06M32.00S,4,1610612740,NOP,203468,McCollum,C. McCollum,0,0,0,,0,,,0,v,McCollum P.FOUL (P4.T3) (M.Lindsay),Foul,Personal,1,398
22201147,541,PT06M19.00S,4,1610612743,DEN,1627750,Murray,J. Murray,0,0,0,,0,,,0,h,Murray Bad Pass Turnover (P2.T7),Turnover,Bad Pass,1,399
22201147,541,PT06M19.00S,4,1610612740,NOP,1630530,Murphy III,T. Murphy III,0,0,0,,0,,,0,v,Murphy III STEAL (2 STL),,,1,400
22201147,543,PT06M02.00S,4,1610612740,NOP,1627742,Ingram,B. Ingram,121,106,16,Missed,1,,,0,v,MISS Ingram 16' Pullup Jump Shot,Missed Shot,Pullup Jump shot,1,401
22201147,544,PT06M00.00S,4,0,,1610612743,,,0,0,0,,0,,,0,h,NUGGETS Rebound,Rebound,Unknown,1,402
22201147,545,PT06M00.00S,4,1610612740,NOP,1626204,Nance Jr.,L. Nance Jr.,0,0,0,,0,,,0,v,Nance Jr. L.B.FOUL (P2.T4) (M.Lindsay),Foul,Loose Ball,1,403
22201147,547,PT06M00.00S,4,1610612743,DEN,1631128,Braun,C. Braun,0,0,0,,0,,,0,h,SUB: Porter Jr. FOR Braun,Substitution,,0,404
22201147,549,PT05M43.00S,4,1610612740,NOP,1627742,Ingram,B. Ingram,0,0,0,,0,,,0,v,Ingram S.FOUL (P4.PN) (L.Wood),Foul,Shooting,1,405
22201147,551,PT05M43.00S,4,1610612743,DEN,201145,Green,J. Green,0,0,0,,0,82.0,93.0,175,h,Green Free Throw 1 of 2 (4 PTS),Free Throw,Free Throw 1 of 2,0,406
22201147,552,PT05M43.00S,4,1610612743,DEN,201145,Green,J. Green,0,0,0,,0,83.0,93.0,176,h,Green Free Throw 2 of 2 (5 PTS),Free Throw,Free Throw 2 of 2,1,407
22201147,555,PT05M23.00S,4,1610612740,NOP,203468,McCollum,C. McCollum,0,0,0,,0,,,0,v,McCollum Offensive Charge Foul (P5) (L.Wood),Foul,Offensive Charge,1,408
22201147,557,PT05M23.00S,4,1610612740,NOP,203468,McCollum,C. McCollum,0,0,0,,0,,,0,v,McCollum Offensive Foul Turnover (P2.T12),Turnover,Offensive Foul Turnover,1,409
22201147,558,PT05M04.00S,4,1610612743,DEN,1627750,Murray,J. Murray,62,176,19,Missed,1,,,0,h,MISS Murray 19' Pullup Jump Shot,Missed Shot,Pullup Jump shot,1,410
22201147,559,PT05M01.00S,4,1610612740,NOP,1630529,Jones,H. Jones,0,0,0,,0,,,0,v,Jones REBOUND (Off:2 Def:2),Rebound,Unknown,1,411
22201147,563,PT04M46.00S,4,1610612740,NOP,1627742,Ingram,B. Ingram,-21,13,2,Made,1,83.0,95.0,178,v,Ingram 2' Finger Roll Layup (29 PTS),Made Shot,Finger Roll Layup Shot,1,412
22201147,564,PT04M46.00S,4,0,,1610612743,,,0,0,0,,0,,,0,h,NUGGETS Timeout: Regular (Full 4 Short 0),Timeout,Regular,0,413
22201147,565,PT04M32.00S,4,1610612743,DEN,1627750,Murray,J. Murray,-4,259,26,Missed,1,,,0,h,MISS Murray 26' 3PT Jump Shot,Missed Shot,Jump Shot,1,414
22201147,566,PT04M30.00S,4,0,,1610612743,,,0,0,0,,0,,,0,h,NUGGETS Rebound,Rebound,Unknown,1,415
22201147,567,PT04M30.00S,4,1610612740,NOP,1626204,Nance Jr.,L. Nance Jr.,0,0,0,,0,,,0,v,Nance Jr. L.B.FOUL (P3.PN) (L.Wood),Foul,Loose Ball,1,416
22201147,569,PT04M30.00S,4,1610612743,DEN,203932,Gordon,A. Gordon,0,0,0,,0,,,0,h,MISS Gordon Free Throw 1 of 2,Free Throw,Free Throw 1 of 2,1,417
22201147,570,PT04M30.00S,4,0,,1610612743,,,0,0,0,,0,,,0,h,NUGGETS Rebound,Rebound,Normal Rebound,0,418
22201147,571,PT04M30.00S,4,1610612743,DEN,203932,Gordon,A. Gordon,0,0,0,,0,,,0,h,MISS Gordon Free Throw 2 of 2,Free Throw,Free Throw 2 of 2,1,419
22201147,572,PT04M27.00S,4,1610612740,NOP,1630529,Jones,H. Jones,0,0,0,,0,,,0,v,Jones REBOUND (Off:2 Def:3),Rebound,Unknown,1,420
22201147,573,PT04M05.00S,4,1610612740,NOP,203468,McCollum,C. McCollum,-5,100,10,Missed,1,,,0,v,MISS McCollum 10' Turnaround Fadeaway Shot,Missed Shot,Turnaround Fadeaway shot,1,421
22201147,573,PT04M05.00S,4,1610612743,DEN,1628971,Brown,B. Brown,0,0,0,,0,,,0,h,Brown BLOCK (2 BLK),,,1,422
22201147,575,PT04M04.00S,4,1610612743,DEN,1628971,Brown,B. Brown,0,0,0,,0,,,0,h,Brown REBOUND (Off:1 Def:4),Rebound,Unknown,1,423
22201147,576,PT03M55.00S,4,1610612743,DEN,1628971,Brown,B. Brown,0,0,0,,0,,,0,h,Brown Bad Pass Turnover (P2.T8),Turnover,Bad Pass,1,424
22201147,576,PT03M55.00S,4,1610612740,NOP,1626204,Nance Jr.,L. Nance Jr.,0,0,0,,0,,,0,v,Nance Jr. STEAL (1 STL),,,1,425
22201147,578,PT03M37.00S,4,1610612740,NOP,1627742,Ingram,B. Ingram,-93,78,12,Made,1,83.0,97.0,180,v,Ingram 12' Pullup Jump Shot (31 PTS),Made Shot,Pullup Jump shot,1,426
22201147,579,PT03M35.00S,4,0,,1610612743,,,0,0,0,,0,,,0,h,NUGGETS Timeout: Regular (Full 5 Short 0),Timeout,Regular,0,427
22201147,580,PT03M22.00S,4,1610612743,DEN,201145,Green,J. Green,-29,26,4,Missed,1,,,0,h,MISS Green 4' Cutting Layup Shot,Missed Shot,Cutting Layup Shot,1,428
22201147,581,PT03M21.00S,4,1610612743,DEN,201145,Green,J. Green,0,0,0,,0,,,0,h,Green REBOUND (Off:3 Def:4),Rebound,Unknown,1,429
22201147,583,PT03M21.00S,4,1610612743,DEN,201145,Green,J. Green,0,0,0,,0,,,0,h,Green OFF.Foul (P4) (M.Lindsay),Foul,Offensive,0,430
22201147,587,PT03M21.00S,4,1610612743,DEN,201145,Green,J. Green,0,0,0,,0,,,0,h,Green Offensive Foul Turnover (P1.T9),Turnover,Offensive Foul Turnover,1,431
22201147,585,PT03M21.00S,4,0,,1610612740,,,0,0,0,,0,,,0,v,Pelicans Timeout: Coach Challenge (Reg.4 Short 0),Timeout,Coach Challenge,0,432
22201147,586,PT03M21.00S,4,0,,583,,,0,0,0,,0,83.0,97.0,180,,Instant Replay4th Period (12:29 AM EST),Instant Replay,Coach Challenge Overturn Ruling,1,433
22201147,588,PT03M21.00S,4,1610612743,DEN,201145,Green,J. Green,0,0,0,,0,,,0,h,SUB: Braun FOR Green,Substitution,,0,434
22201147,590,PT03M08.00S,4,1610612743,DEN,1631128,Braun,C. Braun,0,0,0,,0,,,0,h,Braun P.FOUL (P2.PN) (L.Wood),Foul,Personal,1,435
22201147,592,PT03M08.00S,4,1610612740,NOP,1626204,Nance Jr.,L. Nance Jr.,0,0,0,,0,83.0,98.0,181,v,Nance Jr. Free Throw 1 of 2 (3 PTS),Free Throw,Free Throw 1 of 2,0,436
22201147,593,PT03M08.00S,4,1610612740,NOP,1626204,Nance Jr.,L. Nance Jr.,0,0,0,,0,83.0,99.0,182,v,Nance Jr. Free Throw 2 of 2 (4 PTS),Free Throw,Free Throw 2 of 2,1,437
22201147,594,PT02M58.00S,4,1610612743,DEN,203932,Gordon,A. Gordon,62,13,6,Missed,1,,,0,h,MISS Gordon 6' Turnaround Fadeaway Shot,Missed Shot,Turnaround Fadeaway shot,1,438
22201147,595,PT02M52.00S,4,1610612743,DEN,1629008,Porter Jr.,M. Porter Jr.,0,0,0,,0,,,0,h,Porter Jr. REBOUND (Off:2 Def:1),Rebound,Unknown,1,439
22201147,596,PT02M52.00S,4,1610612743,DEN,1629008,Porter Jr.,M. Porter Jr.,0,0,0,Made,1,85.0,99.0,184,h,Porter Jr. Tip Dunk Shot (10 PTS),Made Shot,Tip Dunk Shot,1,440
22201147,597,PT02M36.00S,4,1610612740,NOP,203468,McCollum,C. McCollum,-126,239,27,Made,1,85.0,102.0,187,v,McCollum 27' 3PT Jump Shot (20 PTS) (Ingram 9 AST),Made Shot,Jump Shot,1,441
22201147,600,PT02M23.00S,4,1610612740,NOP,1626204,Nance Jr.,L. Nance Jr.,0,0,0,,0,,,0,v,Nance Jr. S.FOUL (P4.PN) (L.Wood),Foul,Shooting,1,442
22201147,603,PT02M23.00S,4,1610612743,DEN,1628971,Brown,B. Brown,0,0,0,,0,86.0,102.0,188,h,Brown Free Throw 1 of 2 (19 PTS),Free Throw,Free Throw 1 of 2,1,443
22201147,604,PT02M23.00S,4,1610612743,DEN,1628971,Brown,B. Brown,0,0,0,,0,,,0,h,MISS Brown Free Throw 2 of 2,Free Throw,Free Throw 2 of 2,1,444
22201147,605,PT02M20.00S,4,1610612740,NOP,1630529,Jones,H. Jones,0,0,0,,0,,,0,v,Jones REBOUND (Off:2 Def:4),Rebound,Unknown,1,445
22201147,654,PT02M06.00S,4,1610612740,NOP,1630530,Murphy III,T. Murphy III,33,23,4,Missed,1,,,0,v,MISS Murphy III 4' Driving Layup,Missed Shot,Driving Layup Shot,0,446
22201147,655,PT02M03.00S,4,0,,1610612743,,,0,0,0,,0,,,0,h,NUGGETS Rebound,Rebound,Unknown,0,447
22201147,610,PT02M03.00S,4,1610612743,DEN,203932,Gordon,A. Gordon,0,0,0,,0,,,0,h,Jump Ball Gordon vs. Nance Jr.: Tip to Braun,Jump Ball,,1,448
22201147,615,PT01M55.00S,4,1610612743,DEN,1627750,Murray,J. Murray,158,205,26,Missed,1,,,0,h,MISS Murray 26' 3PT Pullup Jump Shot,Missed Shot,Pullup Jump shot,1,449
22201147,616,PT01M53.00S,4,1610612740,NOP,1630529,Jones,H. Jones,0,0,0,,0,,,0,v,Jones REBOUND (Off:2 Def:5),Rebound,Unknown,1,450
22201147,617,PT01M40.00S,4,1610612740,NOP,203468,McCollum,C. McCollum,-140,210,25,Made,1,86.0,105.0,191,v,McCollum 25' 3PT Jump Shot (23 PTS) (Ingram 10 AST),Made Shot,Jump Shot,1,451
22201147,619,PT01M40.00S,4,0,,1610612743,,,0,0,0,,0,,,0,h,NUGGETS Timeout: Regular (Full 6 Short 0),Timeout,Regular,0,452
22201147,620,PT01M40.00S,4,1610612743,DEN,1629008,Porter Jr.,M. Porter Jr.,0,0,0,,0,,,0,h,SUB: Bryant FOR Porter Jr.,Substitution,,0,453
22201147,621,PT01M40.00S,4,1610612743,DEN,1628971,Brown,B. Brown,0,0,0,,0,,,0,h,SUB: Cancar FOR Brown,Substitution,,0,454
22201147,622,PT01M40.00S,4,1610612743,DEN,1627750,Murray,J. Murray,0,0,0,,0,,,0,h,SUB: Watson FOR Murray,Substitution,,0,455
22201147,623,PT01M40.00S,4,1610612743,DEN,203932,Gordon,A. Gordon,0,0,0,,0,,,0,h,SUB: Smith FOR Gordon,Substitution,,0,456
22201147,624,PT01M40.00S,4,1610612740,NOP,203468,McCollum,C. McCollum,0,0,0,,0,,,0,v,SUB: Daniels FOR McCollum,Substitution,,0,457
22201147,625,PT01M40.00S,4,1610612740,NOP,1630529,Jones,H. Jones,0,0,0,,0,,,0,v,SUB: Richardson FOR Jones,Substitution,,0,458
22201147,626,PT01M40.00S,4,1610612740,NOP,1627742,Ingram,B. Ingram,0,0,0,,0,,,0,v,SUB: Marshall FOR Ingram,Substitution,,0,459
22201147,634,PT01M25.00S,4,1610612743,DEN,1631128,Braun,C. Braun,37,212,22,Missed,1,,,0,h,MISS Braun 22' Pullup Jump Shot,Missed Shot,Pullup Jump shot,1,460
22201147,635,PT01M21.00S,4,1610612740,NOP,1630230,Marshall,N. Marshall,0,0,0,,0,,,0,v,Marshall REBOUND (Off:0 Def:3),Rebound,Unknown,1,461
22201147,636,PT01M17.00S,4,1610612743,DEN,1631212,Watson,P. Watson,0,0,0,,0,,,0,h,Watson P.FOUL (P1.PN) (L.Wood),Foul,Personal,1,462
22201147,638,PT01M17.00S,4,1610612740,NOP,1630230,Marshall,N. Marshall,0,0,0,,0,,,0,v,MISS Marshall Free Throw 1 of 2,Free Throw,Free Throw 1 of 2,1,463
22201147,639,PT01M17.00S,4,0,,1610612740,,,0,0,0,,0,,,0,v,Pelicans Rebound,Rebound,Normal Rebound,0,464
22201147,640,PT01M17.00S,4,1610612740,NOP,1630230,Marshall,N. Marshall,0,0,0,,0,,,0,v,MISS Marshall Free Throw 2 of 2,Free Throw,Free Throw 2 of 2,0,465
22201147,641,PT01M15.00S,4,1610612743,DEN,1628418,Bryant,T. Bryant,0,0,0,,0,,,0,h,Bryant REBOUND (Off:0 Def:3),Rebound,Unknown,1,466
22201147,642,PT01M03.00S,4,1610612743,DEN,1628418,Bryant,T. Bryant,-61,142,15,Missed,1,,,0,h,MISS Bryant 15' Jump Shot,Missed Shot,Jump Shot,1,467
22201147,643,PT01M00.00S,4,1610612740,NOP,1630230,Marshall,N. Marshall,0,0,0,,0,,,0,v,Marshall REBOUND (Off:0 Def:4),Rebound,Unknown,1,468
22201147,644,PT00M38.70S,4,1610612740,NOP,1630530,Murphy III,T. Murphy III,189,189,27,Missed,1,,,0,v,MISS Murphy III 27' 3PT Jump Shot,Missed Shot,Jump Shot,1,469
22201147,645,PT00M35.00S,4,1610612743,DEN,1631212,Watson,P. Watson,0,0,0,,0,,,0,h,Watson REBOUND (Off:0 Def:1),Rebound,Unknown,1,470
22201147,646,PT00M34.70S,4,1610612743,DEN,1631212,Watson,P. Watson,0,0,0,,0,,,0,h,Watson Lost Ball Turnover (P1.T10),Turnover,Lost Ball,1,471
22201147,646,PT00M34.70S,4,1610612740,NOP,1630230,Marshall,N. Marshall,0,0,0,,0,,,0,v,Marshall STEAL (3 STL),,,1,472
22201147,648,PT00M33.50S,4,1610612740,NOP,1630530,Murphy III,T. Murphy III,9,9,1,Made,1,86.0,107.0,193,v,Murphy III 1' Dunk (15 PTS),Made Shot,Dunk Shot,1,473
22201147,649,PT00M21.80S,4,1610612743,DEN,1628418,Bryant,T. Bryant,0,17,2,Made,1,88.0,107.0,195,h,Bryant 2' Dunk (4 PTS) (Smith 1 AST),Made Shot,Dunk Shot,1,474
22201147,651,PT00M00.00S,4,0,,0,,,0,0,0,,0,88.0,107.0,195,,End of 4th Period (12:41 AM EST),period,end,1,475
